# POINTS: 2241
0.0 0.0
312.5 0.0
625.0 0.0
937.5 0.0
1250.0 0.0
1562.5 0.0
1875.0 0.0
2187.5 0.0
2500.0 0.0
2812.5 0.0
3125.0 0.0
3437.5 0.0
3750.0 0.0
4062.5 0.0
4375.0 0.0
4687.5 0.0
5000.0 0.0
5312.5 0.0
5625.0 0.0
5937.5 0.0
6250.0 0.0
6562.5 0.0
6875.0 0.0
7187.5 0.0
7500.0 0.0
7812.5 0.0
8125.0 0.0
8437.5 0.0
8750.0 0.0
9062.5 0.0
9375.0 0.0
9687.5 0.0
10000.0 0.0
10312.5 0.0
10625.0 0.0
10937.5 0.0
11250.0 0.0
11562.5 0.0
11875.0 0.0
12187.5 0.0
12500.0 0.0
12812.5 0.0
13125.0 0.0
13437.5 0.0
13750.0 0.0
14062.5 0.0
14375.0 0.0
14687.5 0.0
15000.0 0.0
15312.5 0.0
15625.0 0.0
15937.5 0.0
16250.0 0.0
16562.5 0.0
16875.0 0.0
17187.5 0.0
17500.0 0.0
17812.5 0.0
18125.0 0.0
18437.5 0.0
18750.0 0.0
19062.5 0.0
19375.0 0.0
19687.5 0.0
20000.0 0.0
20312.5 0.0
20625.0 0.0
20937.5 0.0
21250.0 0.0
21562.5 0.0
21875.0 0.0
22187.5 0.0
22500.0 0.0
22812.5 0.0
23125.0 0.0
23437.5 0.0
23750.0 0.0
24062.5 0.0
24375.0 0.0
24687.5 0.0
25000.0 0.0
25312.5 0.0
25625.0 0.0
25937.5 0.0
26250.0 0.0
26562.5 0.0
26875.0 0.0
27187.5 0.0
27500.0 0.0
27812.5 0.0
28125.0 0.0
28437.5 0.0
28750.0 0.0
29062.5 0.0
29375.0 0.0
29687.5 0.0
30000.0 0.0
30312.5 0.0
30625.0 0.0
30937.5 0.0
31250.0 0.0
31562.5 0.0
31875.0 0.0
32187.5 0.0
32500.0 0.0
32812.5 0.0
33125.0 0.0
33437.5 0.0
33750.0 0.0
34062.5 0.0
34375.0 0.0
34687.5 0.0
35000.0 0.0
35312.5 0.0
35625.0 0.0
35937.5 0.0
36250.0 0.0
36562.5 0.0
36875.0 0.0
37187.5 0.0
37500.0 0.0
37812.5 0.0
38125.0 0.0
38437.5 0.0
38750.0 0.0
39062.5 0.0
39375.0 0.0
39687.5 0.0
40000.0 0.0
40312.5 0.0
40625.0 0.0
40937.5 0.0
41250.0 0.0
41562.5 0.0
41875.0 0.0
42187.5 0.0
42500.0 0.0
42812.5 0.0
43125.0 0.0
43437.5 0.0
43750.0 0.0
44062.5 0.0
44375.0 0.0
44687.5 0.0
45000.0 0.0
45312.5 0.0
45625.0 0.0
45937.5 0.0
46250.0 0.0
46562.5 0.0
46875.0 0.0
47187.5 0.0
47500.0 0.0
47812.5 0.0
48125.0 0.0
48437.5 0.0
48750.0 0.0
49062.5 0.0
49375.0 0.0
49687.5 0.0
50000.0 0.0
50312.5 0.0
50625.0 0.0
50937.5 0.0
51250.0 0.0
51562.5 0.0
51875.0 0.0
52187.5 0.0
52500.0 0.0
52812.5 0.0
53125.0 0.0
53437.5 0.0
53750.0 0.0
54062.5 0.0
54375.0 0.0
54687.5 0.0
55000.0 0.0
55312.5 0.0
55625.0 0.0
55937.5 0.0
56250.0 0.0
56562.5 0.0
56875.0 0.0
57187.5 0.0
57500.0 0.0
57812.5 0.0
58125.0 0.0
58437.5 0.0
58750.0 0.0
59062.5 0.0
59375.0 0.0
59687.5 0.0
60000.0 0.0
60312.5 0.0
60625.0 0.0
60937.5 0.0
61250.0 0.0
61562.5 0.0
61875.0 0.0
62187.5 0.0
62500.0 0.0
62812.5 0.0
63125.0 0.0
63437.5 0.0
63750.0 0.0
64062.5 0.0
64375.0 0.0
64687.5 0.0
65000.0 0.0
65312.5 0.0
65625.0 0.0
65937.5 0.0
66250.0 0.0
66562.5 0.0
66875.0 0.0
67187.5 0.0
67500.0 0.0
67812.5 0.0
68125.0 0.0
68437.5 0.0
68750.0 0.0
69062.5 0.0
69375.0 0.0
69687.5 0.0
70000.0 0.0
70312.5 0.0
70625.0 0.0
70937.5 0.0
71250.0 0.0
71562.5 0.0
71875.0 0.0
72187.5 0.0
72500.0 0.0
72812.5 0.0
73125.0 0.0
73437.5 0.0
73750.0 0.0
74062.5 0.0
74375.0 0.0
74687.5 0.0
75000.0 0.0
75312.5 0.0
75625.0 0.0
75937.5 0.0
76250.0 0.0
76562.5 0.0
76875.0 0.0
77187.5 0.0
77500.0 0.0
77812.5 0.0
78125.0 0.0
78437.5 0.0
78750.0 0.0
79062.5 0.0
79375.0 0.0
79687.5 0.0
80000.0 0.0
80312.5 0.0
80625.0 0.0
80937.5 0.0
81250.0 0.0
81562.5 0.0
81875.0 0.0
82187.5 0.0
82500.0 0.0
82812.5 0.0
83125.0 0.0
83437.5 0.0
83750.0 0.0
84062.5 0.0
84375.0 0.0
84687.5 0.0
85000.0 0.0
85312.5 0.0
85625.0 0.0
85937.5 0.0
86250.0 0.0
86562.5 0.0
86875.0 0.0
87187.5 0.0
87500.0 0.0
87812.5 0.0
88125.0 0.0
88437.5 0.0
88750.0 0.0
89062.5 0.0
89375.0 0.0
89687.5 0.0
90000.0 0.0
90312.5 0.0
90625.0 0.0
90937.5 0.0
91250.0 0.0
91562.5 0.0
91875.0 0.0
92187.5 0.0
92500.0 0.0
92812.5 0.0
93125.0 0.0
93437.5 0.0
93750.0 0.0
94062.5 0.0
94375.0 0.0
94687.5 0.0
95000.0 0.0
95312.5 0.0
95625.0 0.0
95937.5 0.0
96250.0 0.0
96562.5 0.0
96875.0 0.0
97187.5 0.0
97500.0 0.0
97812.5 0.0
98125.0 0.0
98437.5 0.0
98750.0 0.0
99062.5 0.0
99375.0 0.0
99687.5 0.0
100000.0 0.0
100312.5 0.0
100625.0 0.0
100937.5 0.0
101250.0 0.0
101562.5 0.0
101875.0 0.0
102187.5 0.0
102500.0 0.0
102812.5 0.0
103125.0 0.0
103437.5 0.0
103750.0 0.0
104062.5 0.0
104375.0 0.0
104687.5 0.0
105000.0 0.0
105312.5 0.0
105625.0 0.0
105937.5 0.0
106250.0 0.0
106562.5 0.0
106875.0 0.0
107187.5 0.0
107500.0 0.0
107812.5 0.0
108125.0 0.0
108437.5 0.0
108750.0 0.0
109062.5 0.0
109375.0 0.0
109687.5 0.0
110000.0 0.0
110312.5 0.0
110625.0 0.0
110937.5 0.0
111250.0 0.0
111562.5 0.0
111875.0 0.0
112187.5 0.0
112500.0 0.0
112812.5 0.0
113125.0 0.0
113437.5 0.0
113750.0 0.0
114062.5 0.0
114375.0 0.0
114687.5 0.0
115000.0 0.0
115312.5 0.0
115625.0 0.0
115937.5 0.0
116250.0 0.0
116562.5 0.0
116875.0 0.0
117187.5 0.0
117500.0 0.0
117812.5 0.0
118125.0 0.0
118437.5 0.0
118750.0 0.0
119062.5 0.0
119375.0 0.0
119687.5 0.0
120000.0 0.0
120312.5 0.0
120625.0 0.0
120937.5 0.0
121250.0 0.0
121562.5 0.0
121875.0 0.0
122187.5 0.0
122500.0 0.0
122812.5 0.0
123125.0 0.0
123437.5 0.0
123750.0 0.0
124062.5 0.0
124375.0 0.0
124687.5 0.0
125000.0 0.0
125312.5 0.0
125625.0 0.0
125937.5 0.0
126250.0 0.0
126562.5 0.0
126875.0 0.0
127187.5 0.0
127500.0 0.0
127812.5 0.0
128125.0 0.0
128437.5 0.0
128750.0 0.0
129062.5 0.0
129375.0 0.0
129687.5 0.0
130000.0 0.0
130312.5 0.0
130625.0 0.0
130937.5 0.0
131250.0 0.0
131562.5 0.0
131875.0 0.0
132187.5 0.0
132500.0 0.0
132812.5 0.0
133125.0 0.0
133437.5 0.0
133750.0 0.0
134062.5 0.0
134375.0 0.0
134687.5 0.0
135000.0 0.0
135312.5 0.0
135625.0 0.0
135937.5 0.0
136250.0 0.0
136562.5 0.0
136875.0 0.0
137187.5 0.0
137500.0 0.0
137812.5 0.0
138125.0 0.0
138437.5 0.0
138750.0 0.0
139062.5 0.0
139375.0 0.0
139687.5 0.0
140000.0 0.0
140312.5 0.0
140625.0 0.0
140937.5 0.0
141250.0 0.0
141562.5 0.0
141875.0 0.0
142187.5 0.0
142500.0 0.0
142812.5 0.0
143125.0 0.0
143437.5 0.0
143750.0 0.0
144062.5 0.0
144375.0 0.0
144687.5 0.0
145000.0 0.0
145312.5 0.0
145625.0 0.0
145937.5 0.0
146250.0 0.0
146562.5 0.0
146875.0 0.0
147187.5 0.0
147500.0 0.0
147812.5 0.0
148125.0 0.0
148437.5 0.0
148750.0 0.0
149062.5 0.0
149375.0 0.0
149687.5 0.0
150000.0 0.0
150312.5 0.0
150625.0 0.0
150937.5 0.0
151250.0 0.0
151562.5 0.0
151875.0 0.0
152187.5 0.0
152500.0 0.0
152812.5 0.0
153125.0 0.0
153437.5 0.0
153750.0 0.0
154062.5 0.0
154375.0 0.0
154687.5 0.0
155000.0 0.0
155312.5 0.0
155625.0 0.0
155937.5 0.0
156250.0 0.0
156562.5 0.0
156875.0 0.0
157187.5 0.0
157500.0 0.0
157812.5 0.0
158125.0 0.0
158437.5 0.0
158750.0 0.0
159062.5 0.0
159375.0 0.0
159687.5 0.0
160000.0 0.0
160312.5 0.0
160625.0 0.0
160937.5 0.0
161250.0 0.0
161562.5 0.0
161875.0 0.0
162187.5 0.0
162500.0 0.0
162812.5 0.0
163125.0 0.0
163437.5 0.0
163750.0 0.0
164062.5 0.0
164375.0 0.0
164687.5 0.0
165000.0 0.0
165312.5 0.0
165625.0 0.0
165937.5 0.0
166250.0 0.0
166562.5 0.0
166875.0 0.0
167187.5 0.0
167500.0 0.0
167812.5 0.0
168125.0 0.0
168437.5 0.0
168750.0 0.0
169062.5 0.0
169375.0 0.0
169687.5 0.0
170000.0 0.0
170312.5 0.0
170625.0 0.0
170937.5 0.0
171250.0 0.0
171562.5 0.0
171875.0 0.0
172187.5 0.0
172500.0 0.0
172812.5 0.0
173125.0 0.0
173437.5 0.0
173750.0 0.0
174062.5 0.0
174375.0 0.0
174687.5 0.0
175000.0 0.0
175312.5 0.0
175625.0 0.0
175937.5 0.0
176250.0 0.0
176562.5 0.0
176875.0 0.0
177187.5 0.0
177500.0 0.0
177812.5 0.0
178125.0 0.0
178437.5 0.0
178750.0 0.0
179062.5 0.0
179375.0 0.0
179687.5 0.0
180000.0 0.0
180312.5 0.0
180625.0 0.0
180937.5 0.0
181250.0 0.0
181562.5 0.0
181875.0 0.0
182187.5 0.0
182500.0 0.0
182812.5 0.0
183125.0 0.0
183437.5 0.0
183750.0 0.0
184062.5 0.0
184375.0 0.0
184687.5 0.0
185000.0 0.0
185312.5 0.0
185625.0 0.0
185937.5 0.0
186250.0 0.0
186562.5 0.0
186875.0 0.0
187187.5 0.0
187500.0 0.0
187812.5 0.0
188125.0 0.0
188437.5 0.0
188750.0 0.0
189062.5 0.0
189375.0 0.0
189687.5 0.0
190000.0 0.0
190312.5 0.0
190625.0 0.0
190937.5 0.0
191250.0 0.0
191562.5 0.0
191875.0 0.0
192187.5 0.0
192500.0 0.0
192812.5 0.0
193125.0 0.0
193437.5 0.0
193750.0 0.0
194062.5 0.0
194375.0 0.0
194687.5 0.0
195000.0 0.0
195312.5 0.0
195625.0 0.0
195937.5 0.0
196250.0 0.0
196562.5 0.0
196875.0 0.0
197187.5 0.0
197500.0 0.0
197812.5 0.0
198125.0 0.0
198437.5 0.0
198750.0 0.0
199062.5 0.0
199375.0 0.0
199687.5 0.0
200000.0 0.0
200312.5 0.0
200625.0 0.0
200937.5 0.0
201250.0 0.0
201562.5 0.0
201875.0 0.0
202187.5 0.0
202500.0 0.0
202812.5 0.0
203125.0 0.0
203437.5 0.0
203750.0 0.0
204062.5 0.0
204375.0 0.0
204687.5 0.0
205000.0 0.0
205312.5 0.0
205625.0 0.0
205937.5 0.0
206250.0 0.0
206562.5 0.0
206875.0 0.0
207187.5 0.0
207500.0 0.0
207812.5 0.0
208125.0 0.0
208437.5 0.0
208750.0 0.0
209062.5 0.0
209375.0 0.0
209687.5 0.0
210000.0 0.0
210312.5 0.0
210625.0 0.0
210937.5 0.0
211250.0 0.0
211562.5 0.0
211875.0 0.0
212187.5 0.0
212500.0 0.0
212812.5 0.0
213125.0 0.0
213437.5 0.0
213750.0 0.0
214062.5 0.0
214375.0 0.0
214687.5 0.0
215000.0 0.0
215312.5 0.0
215625.0 0.0
215937.5 0.0
216250.0 0.0
216562.5 0.0
216875.0 0.0
217187.5 0.0
217500.0 0.0
217812.5 0.0
218125.0 0.0
218437.5 0.0
218750.0 0.0
219062.5 0.0
219375.0 0.0
219687.5 0.0
220000.0 0.0
220312.5 0.0
220625.0 0.0
220937.5 0.0
221250.0 0.0
221562.5 0.0
221875.0 0.0
222187.5 0.0
222500.0 0.0
222812.5 0.0
223125.0 0.0
223437.5 0.0
223750.0 0.0
224062.5 0.0
224375.0 0.0
224687.5 0.0
225000.0 0.0
225312.5 0.0
225625.0 0.0
225937.5 0.0
226250.0 0.0
226562.5 0.0
226875.0 0.0
227187.5 0.0
227500.0 0.0
227812.5 0.0
228125.0 0.0
228437.5 0.0
228750.0 0.0
229062.5 0.0
229375.0 0.0
229687.5 0.0
230000.0 0.0
230312.5 0.0
230625.0 0.0
230937.5 0.0
231250.0 0.0
231562.5 0.0
231875.0 0.0
232187.5 0.0
232500.0 0.0
232812.5 0.0
233125.0 0.0
233437.5 0.0
233750.0 0.0
234062.5 0.0
234375.0 0.0
234687.5 0.0
235000.0 0.0
235312.5 0.0
235625.0 0.0
235937.5 0.0
236250.0 0.0
236562.5 0.0
236875.0 0.0
237187.5 0.0
237500.0 0.0
237812.5 0.0
238125.0 0.0
238437.5 0.0
238750.0 0.0
239062.5 0.0
239375.0 0.0
239687.5 0.0
240000.0 0.0
240312.5 0.0
240625.0 0.0
240937.5 0.0
241250.0 0.0
241562.5 0.0
241875.0 0.0
242187.5 0.0
242500.0 0.0
242812.5 0.0
243125.0 0.0
243437.5 0.0
243750.0 0.0
244062.5 0.0
244375.0 0.0
244687.5 0.0
245000.0 0.0
245312.5 0.0
245625.0 0.0
245937.5 0.0
246250.0 0.0
246562.5 0.0
246875.0 0.0
247187.5 0.0
247500.0 0.0
247812.5 0.0
248125.0 0.0
248437.5 0.0
248750.0 0.0
249062.5 0.0
249375.0 0.0
249687.5 0.0
250000.0 0.0
250312.5 0.0
250625.0 0.0
250937.5 0.0
251250.0 0.0
251562.5 0.0
251875.0 0.0
252187.5 0.0
252500.0 0.0
252812.5 0.0
253125.0 0.0
253437.5 0.0
253750.0 0.0
254062.5 0.0
254375.0 0.0
254687.5 0.0
255000.0 0.0
255312.5 0.0
255625.0 0.0
255937.5 0.0
256250.0 0.0
256562.5 0.0
256875.0 0.0
257187.5 0.0
257500.0 0.0
257812.5 0.0
258125.0 0.0
258437.5 0.0
258750.0 0.0
259062.5 0.0
259375.0 0.0
259687.5 2.0011770018868447e-14
260000.0 2.0011770018868447e-14
260312.5 2.0011770018868447e-14
260625.0 2.0011770018868447e-14
260937.5 2.0011770018868447e-14
261250.0 2.0011770018868447e-14
261562.5 2.0011770018868447e-14
261875.0 2.0011770018868447e-14
262187.5 2.0011770018868447e-14
262500.0 2.0011770018868447e-14
262812.5 2.0011770018868447e-14
263125.0 2.0011770018868447e-14
263437.5 2.0011770018868447e-14
263750.0 2.0011770018868447e-14
264062.5 2.0011770018868447e-14
264375.0 2.0011770018868447e-14
264687.5 2.0011770018868447e-14
265000.0 4.0023540037736893e-14
265312.5 4.0023540037736893e-14
265625.0 4.0023540037736893e-14
265937.5 4.0023540037736893e-14
266250.0 4.0023540037736893e-14
266562.5 4.0023540037736893e-14
266875.0 4.0023540037736893e-14
267187.5 4.0023540037736893e-14
267500.0 6.003531005660534e-14
267812.5 6.003531005660534e-14
268125.0 6.003531005660534e-14
268437.5 6.003531005660534e-14
268750.0 6.003531005660534e-14
269062.5 6.003531005660534e-14
269375.0 8.004708007547379e-14
269687.5 8.004708007547379e-14
270000.0 8.004708007547379e-14
270312.5 8.004708007547379e-14
270625.0 1.0005885009434223e-13
270937.5 1.0005885009434223e-13
271250.0 1.0005885009434223e-13
271562.5 1.2007062011321068e-13
271875.0 1.2007062011321068e-13
272187.5 1.2007062011321068e-13
272500.0 1.4008239013207913e-13
272812.5 1.4008239013207913e-13
273125.0 1.6009416015094757e-13
273437.5 1.6009416015094757e-13
273750.0 1.8010593016981602e-13
274062.5 1.8010593016981602e-13
274375.0 2.0011770018868447e-13
274687.5 2.2012947020755291e-13
275000.0 2.2012947020755291e-13
275312.5 2.4014124022642136e-13
275625.0 2.601530102452898e-13
275937.5 2.8016478026415825e-13
276250.0 3.001765502830267e-13
276562.5 3.2018832030189515e-13
276875.0 3.402000903207636e-13
277187.5 3.6021186033963204e-13
277500.0 3.802236303585005e-13
277812.5 4.0023540037736893e-13
278125.0 4.202471703962374e-13
278437.5 4.602707104339743e-13
278750.0 4.802824804528427e-13
279062.5 5.203060204905796e-13
279375.0 5.403177905094481e-13
279687.5 5.80341330547185e-13
280000.0 6.203648705849218e-13
280312.5 6.603884106226587e-13
280625.0 7.004119506603956e-13
280937.5 7.404354906981325e-13
281250.0 8.004708007547379e-13
281562.5 8.404943407924748e-13
281875.0 9.005296508490801e-13
282187.5 9.605649609056854e-13
282500.0 1.0206002709622908e-12
282812.5 1.0806355810188961e-12
283125.0 1.16068266109437e-12
283437.5 1.2207179711509752e-12
283750.0 1.300765051226449e-12
284062.5 1.4008239013207913e-12
284375.0 1.480870981396265e-12
284687.5 1.5809298314906073e-12
285000.0 1.6809886815849495e-12
285312.5 1.7810475316792918e-12
285625.0 1.9011181517925024e-12
285937.5 2.021188771905713e-12
286250.0 2.1612711620377922e-12
286562.5 2.3013535521698714e-12
286875.0 2.4414359423019505e-12
287187.5 2.601530102452898e-12
287500.0 2.7616242626038456e-12
287812.5 2.9417301927736617e-12
288125.0 3.141847892962346e-12
288437.5 3.3419655931510306e-12
288750.0 3.5620950633585835e-12
289062.5 3.7822245335661364e-12
289375.0 4.022365773792558e-12
289687.5 4.2825187840378476e-12
290000.0 4.562683564302006e-12
290312.5 4.8628601145850325e-12
290625.0 5.183048434886928e-12
290937.5 5.503236755188823e-12
291250.0 5.863448615528455e-12
291562.5 6.243672245886955e-12
291875.0 6.643907646264324e-12
292187.5 7.064154816660562e-12
292500.0 7.524425527094536e-12
292812.5 8.004708007547379e-12
293125.0 8.525014028037958e-12
293437.5 9.085343588566275e-12
293750.0 9.66568491911346e-12
294062.5 1.0286049789698382e-11
294375.0 1.094643820032104e-11
294687.5 1.1666861921000304e-11
295000.0 1.2407297411698437e-11
295312.5 1.3207768212453175e-11
295625.0 1.4068274323264518e-11
295937.5 1.4968803974113598e-11
296250.0 1.5929368935019284e-11
296562.5 1.6969980976000443e-11
296875.0 1.805061655701934e-11
297187.5 1.921129921811371e-11
297500.0 2.0452028959283552e-11
297812.5 2.177280578052887e-11
298125.0 2.319364145186853e-11
298437.5 2.4674512433264795e-11
298750.0 2.627545403477427e-11
299062.5 2.797645448637809e-11
299375.0 2.977751378807625e-11
299687.5 3.169864370988762e-11
300000.0 3.37398442518122e-11
300312.5 3.5901115413849993e-11
300625.0 3.822248073603873e-11
300937.5 4.068392844835955e-11
301250.0 4.332548209085019e-11
301562.5 4.61071181234729e-11
301875.0 4.90888718562843e-11
302187.5 5.2250731519265514e-11
302500.0 5.561270888243541e-11
302812.5 5.921482748583173e-11
303125.0 6.301706378941674e-11
303437.5 6.707945310324703e-11
303750.0 7.142200719734149e-11
304062.5 7.602471430168123e-11
304375.0 8.0927597956304e-11
304687.5 8.615066993122866e-11
305000.0 9.169393022645522e-11
305312.5 9.761741415204028e-11
305625.0 1.0390110993796497e-10
305937.5 1.106050528942859e-10
306250.0 1.1774925479102194e-10
306562.5 1.2533371562817308e-10
306875.0 1.3341847071579593e-10
307187.5 1.4202353182390937e-10
307500.0 1.5118892249255111e-10
307812.5 1.6093465449174005e-10
308125.0 1.7132076313153277e-10
308437.5 1.8236726018194815e-10
308750.0 1.941341809530428e-10
309062.5 2.0664153721483558e-10
309375.0 2.1996937604740197e-10
309687.5 2.341577209907797e-10
310000.0 2.4926660735502537e-10
310312.5 2.6533605868017673e-10
310625.0 2.8244612204630926e-10
310937.5 3.006768445334984e-10
311250.0 3.2006824968178194e-10
311562.5 3.407003845712353e-10
311875.0 3.6267330805195286e-10
312187.5 3.8606706720401007e-10
312500.0 4.109617091074824e-10
312812.5 4.374773043824831e-10
313125.0 4.656939001090876e-10
313437.5 4.957115551373903e-10
313750.0 5.276903636275421e-10
314062.5 5.617303844296373e-10
314375.0 5.979516881637892e-10
314687.5 6.365143689901487e-10
315000.0 6.775785210688667e-10
315312.5 7.212642150200566e-10
315625.0 7.677915803139257e-10
315937.5 8.173006993406062e-10
316250.0 8.700117015703057e-10
316562.5 9.261247047032128e-10
316875.0 9.858598382095352e-10
317187.5 1.0494372315594802e-09
317500.0 1.1171170377632933e-09
317812.5 1.1891794216012386e-09
318125.0 1.2658645243135425e-09
318437.5 1.3475125459905257e-09
318750.0 1.4344236631824714e-09
319062.5 1.5269180642096813e-09
319375.0 1.6254159962425518e-09
319687.5 1.7302376476013848e-09
320000.0 1.8418232772265952e-09
320312.5 1.9606131440585983e-09
320625.0 2.087067518807828e-09
320937.5 2.2216666839547372e-09
321250.0 2.3649509572898353e-09
321562.5 2.5174806683736506e-09
321875.0 2.6798361585367303e-09
322187.5 2.852677816189697e-09
322500.0 3.0366660297431736e-09
322812.5 3.23250121114782e-09
323125.0 3.4409838312043917e-09
323437.5 3.6629143607136427e-09
323750.0 3.899153305786385e-09
324062.5 4.150621207843486e-09
324375.0 4.418318655385889e-09
324687.5 4.703266248684557e-09
325000.0 5.0066046586305646e-09
325312.5 5.329494567885007e-09
325625.0 5.673216729729091e-09
325937.5 6.039111932754082e-09
326250.0 6.428601012631319e-09
326562.5 6.843224875652254e-09
326875.0 7.284564451648379e-09
327187.5 7.754380776381353e-09
327500.0 8.254494920922895e-09
327812.5 8.786868038734852e-09
328125.0 9.353561342129169e-09
328437.5 9.956816149347958e-09
328750.0 1.0598973837483427e-08
329062.5 1.1282555889557955e-08
329375.0 1.201022387098405e-08
329687.5 1.278481945310439e-08
330000.0 1.3609364413191827e-08
330312.5 1.4487080646219397e-08
330625.0 1.5421430188400365e-08
330937.5 1.6416015158338126e-08
331250.0 1.747475786295638e-08
331562.5 1.8601780726879014e-08
331875.0 1.9801506351280196e-08
332187.5 2.1078597478574324e-08
332500.0 2.2438037039496095e-08
332812.5 2.3885168176640548e-08
333125.0 2.5425634209153003e-08
333437.5 2.706543866803912e-08
333750.0 2.8811025343244978e-08
334062.5 3.066915821303695e-08
334375.0 3.2647161585241946e-08
334687.5 3.475271997954721e-08
335000.0 3.699407824520051e-08
335312.5 3.93799815257001e-08
335625.0 4.191977531764479e-08
335937.5 4.462336544719392e-08
336250.0 4.7501338140687466e-08
336562.5 5.0564899989336e-08
336875.0 5.382605805515084e-08
337187.5 5.7297539823863985e-08
337500.0 6.099291327554823e-08
337812.5 6.49266269081572e-08
338125.0 6.911402974929537e-08
338437.5 7.357151143860818e-08
338750.0 7.831646220424204e-08
339062.5 8.336743295700444e-08
339375.0 8.8744175313904e-08
339687.5 9.44676816216905e-08
340000.0 1.0056032503924506e-07
340312.5 1.070458995611201e-07
340625.0 1.1394978011169954e-07
340937.5 1.212989025334288e-07
341250.0 1.2912200372805493e-07
341562.5 1.374496616801668e-07
341875.0 1.463144155278151e-07
342187.5 1.5575088563313244e-07
342500.0 1.657959536882636e-07
342812.5 1.764888627742156e-07
343125.0 1.8787141747855785e-07
343437.5 1.9998808395427226e-07
343750.0 2.1288621004922348e-07
344062.5 2.2661618540031903e-07
344375.0 2.412316815747495e-07
344687.5 2.5678979215237874e-07
345000.0 2.7335131289052406e-07
345312.5 2.9098094184165646e-07
345625.0 3.0974759954172093e-07
345937.5 3.297246091160666e-07
346250.0 3.5099001646776706e-07
346562.5 3.7362693047771067e-07
346875.0 3.9772380316938083e-07
347187.5 4.233747899207163e-07
347500.0 4.506801096759716e-07
347812.5 4.797464852046573e-07
348125.0 5.106874632898606e-07
348437.5 5.436239750578054e-07
348750.0 5.78684716201483e-07
349062.5 6.160066672866726e-07
349375.0 6.557356941050418e-07
349687.5 6.98027007944857e-07
350000.0 7.430458860147038e-07
350312.5 7.909682117612782e-07
350625.0 8.419812953519568e-07
350937.5 8.962844139925874e-07
351250.0 9.540897925042202e-07
351562.5 1.0156233037350582e-06
351875.0 1.081125369090108e-06
352187.5 1.1508519791314509e-06
352500.0 1.2250755540843539e-06
352812.5 1.3040861245317004e-06
353125.0 1.3881924520731115e-06
353437.5 1.477723169995837e-06
353750.0 1.573028144075117e-06
354062.5 1.6744797333156924e-06
354375.0 1.782474390893407e-06
354687.5 1.8974341250144189e-06
355000.0 2.0198080998568013e-06
355312.5 2.1500745366886953e-06
355625.0 2.2887424348805308e-06
355937.5 2.4363536331173385e-06
356250.0 2.5934849306463725e-06
356562.5 2.7607503486071217e-06
356875.0 2.938803451396632e-06
357187.5 3.12833998822315e-06
357500.0 3.3301005746833034e-06
357812.5 3.544873614480526e-06
358125.0 3.7734983011905587e-06
358437.5 4.016868040274124e-06
358750.0 4.275933771030749e-06
359062.5 4.551707788846837e-06
359375.0 4.845267727537905e-06
359687.5 5.157760641749665e-06
360000.0 5.490407609665127e-06
360312.5 5.844508475794097e-06
360625.0 6.22144687392745e-06
360937.5 6.622695730373884e-06
361250.0 7.0498228872672986e-06
361562.5 7.504497406274346e-06
361875.0 7.988495892313763e-06
362187.5 8.503709597734721e-06
362500.0 9.05215172661289e-06
362812.5 9.635965339399588e-06
363125.0 1.0257431697829889e-05
363437.5 1.091897919017204e-05
363750.0 1.162319281680646e-05
364062.5 1.2372824316181363e-05
364375.0 1.3170802891121491e-05
364687.5 1.4020246675572334e-05
365000.0 1.4924474861732762e-05
365312.5 1.5887020747729075e-05
365625.0 1.691164550571278e-05
365937.5 1.8002352870499783e-05
366250.0 1.916340482879808e-05
366562.5 2.0399338168941572e-05
366875.0 2.171498237141245e-05
367187.5 2.3115478319846172e-05
367500.0 2.4606298492907408e-05
367812.5 2.619326827682511e-05
368125.0 2.7882588818833876e-05
368437.5 2.9680861141356818e-05
368750.0 3.159511205724774e-05
369062.5 3.363282152588076e-05
369375.0 3.5801951930369835e-05
369687.5 3.811097921588291e-05
370000.0 4.056892592907424e-05
370312.5 4.3185396538858445e-05
370625.0 4.597061495847932e-05
370937.5 4.893546448900277e-05
371250.0 5.209153034432812e-05
371562.5 5.545114489780012e-05
371875.0 5.902743589056292e-05
372187.5 6.283437776175016e-05
372500.0 6.688684622058183e-05
372812.5 7.120067632052085e-05
373125.0 7.579272443572482e-05
373437.5 8.06809340997694e-05
373750.0 8.588440604684333e-05
374062.5 9.142347295570952e-05
374375.0 9.731977877636133e-05
374687.5 0.00010359636343984513
375000.0 0.00011027775281116647
375312.5 0.00011739005448563322
375625.0 0.00012496105990891793
375937.5 0.00013302035288087488
376250.0 0.00014159942520355906
376562.5 0.00015073179969357642
376875.0 0.00016045316121915398
377187.5 0.00017080149614215334
377500.0 0.0001818172406653218
377812.5 0.00019354343892527548
378125.0 0.0002060259111514029
378437.5 0.00021931343273118298
378750.0 0.00023345792476225924
379062.5 0.00024851465691175245
379375.0 0.00026454246348334154
379687.5 0.00028160397319240693
380000.0 0.0002997658539700132
380312.5 0.0003190990734160959
380625.0 0.0003396791761025586
380937.5 0.00036158657880691614
381250.0 0.00038490688465706024
381562.5 0.0004097312176880308
381875.0 0.00043615657891143966
382187.5 0.0004642862252383362
382500.0 0.0004942300730765847
382812.5 0.0005261051277034023
383125.0 0.0005600359405343036
383437.5 0.000596155095769324
383750.0 0.0006346037284176986
384062.5 0.0006755320758022321
384375.0 0.000719100064604572
384687.5 0.0007654779357127162
385000.0 0.0008148469093922361
385312.5 0.0008673998934627947
385625.0 0.0009233422369814281
385937.5 0.0009828925325944537
386250.0 0.0010462834706598256
386562.5 0.0011137627485019175
386875.0 0.0011855940381006735
387187.5 0.001262058016397588
387500.0 0.0013434534619407024
387812.5 0.001430098422331244
388125.0 0.0015223314567944513
388437.5 0.0016205129590576295
388750.0 0.0017250265653983021
389062.5 0.0018362806536658671
389375.0 0.00195470993869995
389687.5 0.002080777170869408
390000.0 0.0022149749440957267
390312.5 0.0023578276203048976
390625.0 0.0025098933781723953
390937.5 0.0026717663938457814
391250.0 0.0028440791623500494
391562.5 0.0030275049686009636
391875.0 0.0032227605178721808
392187.5 0.0034306087357420523
392500.0 0.0036518617486066274
392812.5 0.0038873840563856954
393125.0 0.004138095909809153
393437.5 0.004404976905391406
393750.0 0.004689069812162078
394062.5 0.004991484645241906
394375.0 0.005313403001812961
394687.5 0.005656082676853413
395000.0 0.0060208625762472046
395312.5 0.006409167946680033
395625.0 0.006822515942693647
395937.5 0.00726252155249113
396250.0 0.007730903905746878
396562.5 0.008229492988035714
396875.0 0.00876023678795651
397187.5 0.009325208904826687
397500.0 0.009926616646805164
397812.5 0.010566809650742165
398125.0 0.011248289057515737
398437.5 0.011973717278736085
398750.0 0.012745928392399825
399062.5 0.013567939208738417
399375.0 0.014442961048625691
399687.5 0.01537441228089173
400000.0 0.016365931667231742
400312.5 0.017421392566500382
400625.0 0.018544918054064274
400937.5 0.019740897014527026
401250.0 0.021014001270843796
401562.5 0.022369203816284516
401875.0 0.023811798220107427
402187.5 0.025347419282227224
402500.0 0.026982065017585266
402812.5 0.028722120054911676
403125.0 0.030574380541353113
403437.5 0.032546080649182824
403750.0 0.03464492078755352
404062.5 0.036879097628657403
404375.0 0.03925733606458176
404687.5 0.04178892321867289
405000.0 0.04448374464304586
405312.5 0.04735232284202223
405625.0 0.05040585827086369
405937.5 0.05365627296751424
406250.0 0.05711625698645051
406562.5 0.06079931781308506
406875.0 0.06471983294951497
407187.5 0.0688931058739346
407500.0 0.07333542558889922
407812.5 0.07806412998719392
408125.0 0.08309767327853099
408437.5 0.08845569773560766
408750.0 0.09415911003400582
409062.5 0.10023016247784525
409375.0 0.10669253942147297
409687.5 0.11357144921632223
410000.0 0.12089372203316712
410312.5 0.12868791393107123
410625.0 0.1369844175680427
410937.5 0.1458155799720617
411250.0 0.15521582781752255
411562.5 0.16522180067892733
411875.0 0.17587249276300645
412187.5 0.18720940365041805
412500.0 0.19927669861095815
412812.5 0.21212137908977297
413125.0 0.22579346399844613
413437.5 0.2403461824823157
413750.0 0.2558361788757596
414062.5 0.27232373059899273
414375.0 0.2898729797943449
414687.5 0.30855217954665637
415000.0 0.3284339555814373
415312.5 0.3495955843856255
415625.0 0.37211928875011113
415937.5 0.39609255178932923
416250.0 0.42160845055251417
416562.5 0.44876601040285014
416875.0 0.4776705814053449
417187.5 0.508434238030798
417500.0 0.5411762035536922
417812.5 0.5760233005932616
418125.0 0.6131104293224121
418437.5 0.6525810749460579
418750.0 0.69458784612956
419062.5 0.7392930461402063
419375.0 0.7868692785469369
419687.5 0.8375000894085697
420000.0 0.8913806479668338
420312.5 0.948718467945885
420625.0 1.0097341716471118
420937.5 1.074662299112689
421250.0 1.1437521647159055
421562.5 1.2172687636170805
421875.0 1.295493730601949
422187.5 1.3787263538917185
422500.0 1.4672846465805618
422812.5 1.5615064784133155
423125.0 1.661750770664395
423437.5 1.7683987569127846
423750.0 1.8818553125278021
424062.5 2.0025503556806497
424375.0 2.130940322675896
424687.5 2.26750972034973
425000.0 2.412772758204686
425312.5 2.567275062837513
425625.0 2.731595477063819
425937.5 2.906347945941926
426250.0 3.0921834916431776
426562.5 3.289792278799585
426875.0 3.4999057715713944
427187.5 3.7232989832095207
427500.0 3.9607928183288443
427812.5 4.21325650744784
428125.0 4.481610132573486
428437.5 4.766827241706009
428750.0 5.069937549089998
429062.5 5.392029716830568
429375.0 5.734254212109213
429687.5 6.0978262326549055
430000.0 6.484028691334003
430312.5 6.894215248695454
430625.0 7.329813380028483
430937.5 7.792327460934479
431250.0 8.283341852564241
431562.5 8.804523964505645
431875.0 9.357627269805764
432187.5 9.944494242757782
432500.0 10.567059185863949
432812.5 11.227350907787644
433125.0 11.927495209127843
433437.5 12.669717127485963
433750.0 13.456342887558677
434062.5 14.289801495899702
434375.0 15.172625913580585
434687.5 16.107453733290406
435000.0 17.097027280512833
435312.5 18.144193051390417
435625.0 19.251900392836646
435937.5 20.42319932352456
436250.0 21.66123738772974
436562.5 22.969255427833513
436875.0 24.350582155836282
437187.5 25.808627399761157
437500.0 27.346873897658302
437812.5 28.968867510405648
438125.0 30.678205725030804
438437.5 32.47852432328363
438750.0 34.373482096128974
439062.5 36.366743494185386
439375.0 38.46195911740725
439687.5 40.662743964982994
440000.0 42.972653388973384
440312.5 45.3951567230652
440625.0 47.93360859131745
440937.5 50.591217941175
441250.0 53.37101489042406
441562.5 56.275815529087396
441875.0 59.30818487421103
442187.5 62.47039823752223
442500.0 65.76440133219147
442812.5 69.19176951422888
443125.0 72.75366662486657
443437.5 76.45080397073647
443750.0 80.28340004652385
444062.5 84.25114166751152
444375.0 88.35314723421999
444687.5 92.58793289520054
445000.0 96.95338240388324
445312.5 101.44672147820636
445625.0 106.06449746475745
445937.5 110.80256507992763
446250.0 115.65607894727083
446562.5 120.61949357177356
446875.0 125.68657128788745
447187.5 130.85039858982185
447500.0 136.1034111017314
447812.5 141.43742727524258
448125.0 146.84369071655783
448437.5 152.31292085051487
448750.0 157.83537143066977
449062.5 163.40089620954672
449375.0 168.99902089876088
449687.5 174.61902038185286
450000.0 180.25
450312.5 185.8809796181471
450625.0 191.50097910123915
450937.5 197.09910379045328
451250.0 202.6646285693302
451562.5 208.18707914948516
451875.0 213.65630928344217
452187.5 219.06257272475742
452500.0 224.3965888982686
452812.5 229.64960141017815
453125.0 234.81342871211257
453437.5 239.88050642822645
453750.0 244.84392105272917
454062.5 249.69743492007237
454375.0 254.43550253524256
454687.5 259.0532785217937
455000.0 263.5466175961168
455312.5 267.91206710479946
455625.0 272.14685276578
455937.5 276.24885833248845
456250.0 280.21659995347613
456562.5 284.04919602926356
456875.0 287.7463333751335
457187.5 291.3082304857711
457500.0 294.7355986678085
457812.5 298.02960176247774
458125.0 301.191815125789
458437.5 304.2241844709126
458750.0 307.1289851095759
459062.5 309.90878205882495
459375.0 312.56639140868253
459687.5 315.1048432769348
460000.0 317.5273466110266
460312.5 319.837256035017
460625.0 322.0380408825928
460937.5 324.13325650581464
461250.0 326.126517903871
461562.5 328.02147567671636
461875.0 329.8217942749692
462187.5 331.53113248959437
462500.0 333.1531261023417
462812.5 334.6913726002389
463125.0 336.14941784416374
463437.5 337.5307445721665
463750.0 338.8387626122703
464062.5 340.07680067647544
464375.0 341.2480996071634
464687.5 342.3558069486096
465000.0 343.4029727194872
465312.5 344.3925462667096
465625.0 345.3273740864194
465937.5 346.2101985041003
466250.0 347.04365711244134
466562.5 347.83028287251403
466875.0 348.5725047908722
467187.5 349.27264909221236
467500.0 349.9329408141361
467812.5 350.55550575724226
468125.0 351.1423727301942
468437.5 351.6954760354944
468750.0 352.21665814743574
469062.5 352.7076725390655
469375.0 353.17018661997156
469687.5 353.60578475130455
470000.0 354.015971308666
470312.5 354.40217376734506
470625.0 354.7657457878908
470937.5 355.10797028316944
471250.0 355.43006245091
471562.5 355.733172758294
471875.0 356.0183898674265
472187.5 356.2867434925522
472500.0 356.53920718167115
472812.5 356.77670101679047
473125.0 357.00009422842857
473437.5 357.2102077212004
473750.0 357.40781650835686
474062.5 357.5936520540581
474375.0 357.7684045229362
474687.5 357.9327249371625
475000.0 358.0872272417953
475312.5 358.2324902796502
475625.0 358.3690596773241
475937.5 358.4974496443194
476250.0 358.6181446874722
476562.5 358.7316012430872
476875.0 358.8382492293356
477187.5 358.9384935215867
477500.0 359.03271535341946
477812.5 359.12127364610825
478125.0 359.20450626939805
478437.5 359.2827312363829
478750.0 359.3562478352841
479062.5 359.42533770088727
479375.0 359.4902658283529
479687.5 359.5512815320541
480000.0 359.60861935203314
480312.5 359.66249991059146
480625.0 359.71313072145307
480937.5 359.7607069538598
481250.0 359.80541215387046
481562.5 359.84741892505394
481875.0 359.88688957067757
482187.5 359.92397669940675
482500.0 359.9588237964463
482812.5 359.9915657619692
483125.0 360.0223294185946
483437.5 360.0512339895971
483750.0 360.0783915494475
484062.5 360.10390744821063
484375.0 360.12788071124993
484687.5 360.1504044156144
485000.0 360.17156604441857
485312.5 360.19144782045333
485625.0 360.2101270202056
485937.5 360.227676269401
486250.0 360.24416382112423
486562.5 360.2596538175177
486875.0 360.27420653600154
487187.5 360.28787862091025
487500.0 360.30072330138904
487812.5 360.3127905963496
488125.0 360.324127507237
488437.5 360.3347781993211
488750.0 360.3447841721825
489062.5 360.35418442002793
489375.0 360.36301558243196
489687.5 360.3713120860689
490000.0 360.37910627796686
490312.5 360.3864285507837
490625.0 360.39330746057857
490937.5 360.3997698375222
491250.0 360.405840889966
491562.5 360.41154430226436
491875.0 360.41690232672147
492187.5 360.4219358700128
492500.0 360.4266645744111
492812.5 360.43110689412606
493125.0 360.43528016705045
493437.5 360.43920068218694
493750.0 360.44288374301357
494062.5 360.4463437270325
494375.0 360.44959414172916
494687.5 360.452647677158
495000.0 360.455516255357
495312.5 360.4582110767813
495625.0 360.46074266393543
495937.5 360.4631209023714
496250.0 360.46535507921243
496562.5 360.4674539193508
496875.0 360.46942561945866
497187.5 360.4712778799451
497500.0 360.4730179349824
497812.5 360.47465258071776
498125.0 360.4761882017799
498437.5 360.47763079618375
498750.0 360.4789859987292
499062.5 360.4802591029855
499375.0 360.4814550819459
499687.5 360.4825786074335
500000.0 360.4836340683328
500312.5 360.4846255877191
500625.0 360.48555703895136
500937.5 360.48643206079123
501250.0 360.4872540716076
501562.5 360.48802628272125
501875.0 360.4887517109425
502187.5 360.48943319034925
502500.0 360.4900733833532
502812.5 360.49067479109516
503125.0 360.49123976321204
503437.5 360.49177050701195
503750.0 360.4922690960943
504062.5 360.4927374784475
504375.0 360.4931774840573
504687.5 360.4935908320533
505000.0 360.4939791374237
505312.5 360.49434391732314
505625.0 360.49468659699824
505937.5 360.49500851535475
506250.0 360.4953109301878
506562.5 360.4955950230946
506875.0 360.4958619040902
507187.5 360.4961126159436
507500.0 360.4963481382514
507812.5 360.49656939126425
508125.0 360.4967772394821
508437.5 360.4969724950314
508750.0 360.49715592083766
509062.5 360.49732823360614
509375.0 360.4974901066218
509687.5 360.4976421723797
510000.0 360.4977850250559
510312.5 360.4979192228291
510625.0 360.4980452900613
510937.5 360.49816371934634
511250.0 360.4982749734346
511562.5 360.49837948704095
511875.0 360.49847766854316
512187.5 360.4985699015777
512500.0 360.4986565465381
512812.5 360.4987379419836
513125.0 360.49881440596187
513437.5 360.4988862372515
513750.0 360.49895371652934
514062.5 360.4990171074674
514375.0 360.499076657763
514687.5 360.4991326001065
515000.0 360.4991851530906
515312.5 360.4992345220643
515625.0 360.4992808999354
515937.5 360.4993244679242
516250.0 360.49936539627157
516562.5 360.49940384490424
516875.0 360.49943996405943
517187.5 360.4994738948723
517500.0 360.49950576992694
517812.5 360.4995357137748
518125.0 360.4995638434211
518437.5 360.4995902687823
518750.0 360.4996150931153
519062.5 360.49963841342117
519375.0 360.4996603208239
519687.5 360.4996809009266
520000.0 360.499700234146
520312.5 360.49971839602676
520625.0 360.49973545753653
520937.5 360.49975148534304
521250.0 360.49976654207524
521562.5 360.49978068656725
521875.0 360.49979397408885
522187.5 360.49980645656103
522500.0 360.4998181827593
522812.5 360.4998291985039
523125.0 360.49983954683876
523437.5 360.4998492682003
523750.0 360.4998584005748
524062.5 360.4998669796471
524375.0 360.4998750389401
524687.5 360.49988260994553
525000.0 360.4998897222472
525312.5 360.49989640363657
525625.0 360.4999026802212
525937.5 360.49990857652705
526250.0 360.499914115594
526562.5 360.4999193190659
526875.0 360.49992420727557
527187.5 360.4999287993237
527500.0 360.49993311315376
527812.5 360.4999371656222
528125.0 360.4999409725641
528437.5 360.4999445488551
528750.0 360.4999479084696
529062.5 360.4999510645355
529375.0 360.49995402938504
529687.5 360.4999568146035
530000.0 360.49995943107405
530312.5 360.49996188902077
530625.0 360.4999641980481
530937.5 360.49996636717844
531250.0 360.49996840488797
531562.5 360.49997031913887
531875.0 360.4999721174112
532187.5 360.49997380673176
532500.0 360.4999753937015
532812.5 360.4999768845217
533125.0 360.4999782850176
533437.5 360.49997960066185
533750.0 360.49998083659517
534062.5 360.4999819976471
534375.0 360.4999830883545
534687.5 360.49998411297923
535000.0 360.49998507552516
535312.5 360.4999859797533
535625.0 360.49998682919716
535937.5 360.49998762717564
536250.0 360.4999883768072
536562.5 360.49998908102083
536875.0 360.49998974256835
537187.5 360.49999036403466
537500.0 360.49999094784823
537812.5 360.4999914962904
538125.0 360.4999920115041
538437.5 360.49999249550257
538750.0 360.49999295017716
539062.5 360.4999933773043
539375.0 360.4999937785531
539687.5 360.49999415549155
540000.0 360.4999945095924
540312.5 360.49999484223935
540625.0 360.4999951547323
540937.5 360.4999954482922
541250.0 360.4999957240662
541562.5 360.49999598313195
541875.0 360.4999962265017
542187.5 360.4999964551264
542500.0 360.4999966698994
542812.5 360.49999687166
543125.0 360.49999706119655
543437.5 360.49999723924964
543750.0 360.4999974065151
544062.5 360.4999975636464
544375.0 360.49999771125755
544687.5 360.4999978499255
545000.0 360.4999979801919
545312.5 360.4999981025659
545625.0 360.4999982175256
545937.5 360.49999832552027
546250.0 360.49999842697184
546562.5 360.4999985222768
546875.0 360.49999861180754
547187.5 360.49999869591386
547500.0 360.49999877492445
547812.5 360.499998849148
548125.0 360.4999989188746
548437.5 360.4999989843767
548750.0 360.4999990459102
549062.5 360.49999910371554
549375.0 360.4999991580187
549687.5 360.4999992090318
550000.0 360.4999992569541
550312.5 360.499999301973
550625.0 360.4999993442643
550937.5 360.4999993839933
551250.0 360.4999994213153
551562.5 360.49999945637603
551875.0 360.49999948931253
552187.5 360.49999952025354
552500.0 360.4999995493199
552812.5 360.4999995766252
553125.0 360.4999996022762
553437.5 360.49999962637304
553750.0 360.49999964900996
554062.5 360.4999996702754
554375.0 360.49999969025237
554687.5 360.49999970901905
555000.0 360.49999972664864
555312.5 360.4999997432102
555625.0 360.4999997587683
555937.5 360.4999997733838
556250.0 360.4999997871138
556562.5 360.4999998000119
556875.0 360.4999998121286
557187.5 360.49999982351113
557500.0 360.49999983420406
557812.5 360.4999998442491
558125.0 360.4999998536856
558437.5 360.49999986255034
558750.0 360.49999987087796
559062.5 360.4999998787011
559375.0 360.4999998860502
559687.5 360.49999989295407
560000.0 360.4999998994397
560312.5 360.4999999055323
560625.0 360.4999999112558
560937.5 360.4999999166326
561250.0 360.4999999216835
561562.5 360.4999999264285
561875.0 360.49999993088596
562187.5 360.4999999350734
562500.0 360.49999993900707
562812.5 360.49999994270246
563125.0 360.49999994617394
563437.5 360.4999999494351
563750.0 360.4999999524987
564062.5 360.4999999553766
564375.0 360.49999995808025
564687.5 360.49999996062
565000.0 360.4999999630059
565312.5 360.4999999652473
565625.0 360.49999996735284
565937.5 360.4999999693308
566250.0 360.49999997118897
566562.5 360.4999999729346
566875.0 360.4999999745744
567187.5 360.49999997611485
567500.0 360.49999997756197
567812.5 360.4999999789214
568125.0 360.49999998019854
568437.5 360.4999999813982
568750.0 360.49999998252525
569062.5 360.49999998358396
569375.0 360.49999998457855
569687.5 360.49999998551294
570000.0 360.49999998639066
570312.5 360.4999999872152
570625.0 360.4999999879898
570937.5 360.49999998871743
571250.0 360.49999998940103
571562.5 360.4999999900432
571875.0 360.4999999906464
572187.5 360.49999999121314
572500.0 360.4999999917455
572812.5 360.4999999922456
573125.0 360.49999999271546
573437.5 360.4999999931568
573750.0 360.4999999935714
574062.5 360.4999999939609
574375.0 360.4999999943268
574687.5 360.49999999467053
575000.0 360.4999999949934
575312.5 360.4999999952968
575625.0 360.4999999955817
575937.5 360.4999999958494
576250.0 360.4999999961008
576562.5 360.49999999633707
576875.0 360.49999999655904
577187.5 360.4999999967675
577500.0 360.4999999969633
577812.5 360.4999999971473
578125.0 360.4999999973202
578437.5 360.4999999974825
578750.0 360.49999999763503
579062.5 360.49999999777833
579375.0 360.49999999791294
579687.5 360.4999999980394
580000.0 360.4999999981582
580312.5 360.4999999982698
580625.0 360.49999999837456
580937.5 360.49999999847313
581250.0 360.49999999856556
581562.5 360.49999999865247
581875.0 360.49999999873415
582187.5 360.49999999881084
582500.0 360.49999999888286
582812.5 360.49999999895056
583125.0 360.49999999901416
583437.5 360.49999999907385
583750.0 360.49999999912995
584062.5 360.4999999991827
584375.0 360.4999999992322
584687.5 360.4999999992787
585000.0 360.4999999993224
585312.5 360.49999999936347
585625.0 360.49999999940206
585937.5 360.4999999994383
586250.0 360.4999999994723
586562.5 360.49999999950427
586875.0 360.4999999995343
587187.5 360.49999999956253
587500.0 360.499999999589
587812.5 360.4999999996139
588125.0 360.4999999996373
588437.5 360.49999999965934
588750.0 360.4999999996799
589062.5 360.49999999969936
589375.0 360.49999999971755
589687.5 360.49999999973465
590000.0 360.49999999975074
590312.5 360.49999999976586
590625.0 360.49999999978
590937.5 360.4999999997934
591250.0 360.4999999998059
591562.5 360.49999999981765
591875.0 360.4999999998287
592187.5 360.4999999998391
592500.0 360.4999999998488
592812.5 360.499999999858
593125.0 360.4999999998666
593437.5 360.49999999987466
593750.0 360.4999999998823
594062.5 360.4999999998894
594375.0 360.4999999998961
594687.5 360.4999999999024
595000.0 360.4999999999083
595312.5 360.4999999999139
595625.0 360.49999999991905
595937.5 360.49999999992394
596250.0 360.4999999999286
596562.5 360.4999999999329
596875.0 360.499999999937
597187.5 360.49999999994077
597500.0 360.49999999994435
597812.5 360.4999999999477
598125.0 360.49999999995094
598437.5 360.4999999999539
598750.0 360.4999999999567
599062.5 360.49999999995936
599375.0 360.4999999999618
599687.5 360.4999999999641
600000.0 360.49999999996624
600312.5 360.4999999999683
600625.0 360.4999999999702
600937.5 360.49999999997203
601250.0 360.49999999997374
601562.5 360.49999999997533
601875.0 360.4999999999768
602187.5 360.49999999997823
602500.0 360.49999999997954
602812.5 360.4999999999808
603125.0 360.4999999999819
603437.5 360.499999999983
603750.0 360.4999999999841
604062.5 360.49999999998505
604375.0 360.4999999999859
604687.5 360.4999999999868
605000.0 360.4999999999876
605312.5 360.4999999999883
605625.0 360.49999999998903
605937.5 360.4999999999897
606250.0 360.49999999999034
606562.5 360.4999999999909
606875.0 360.4999999999915
607187.5 360.499999999992
607500.0 360.4999999999925
607812.5 360.49999999999295
608125.0 360.49999999999335
608437.5 360.49999999999375
608750.0 360.49999999999415
609062.5 360.4999999999945
609375.0 360.49999999999477
609687.5 360.4999999999951
610000.0 360.49999999999545
610312.5 360.49999999999574
610625.0 360.499999999996
610937.5 360.49999999999625
611250.0 360.4999999999964
611562.5 360.49999999999665
611875.0 360.4999999999969
612187.5 360.49999999999704
612500.0 360.4999999999972
612812.5 360.4999999999974
613125.0 360.49999999999756
613437.5 360.49999999999767
613750.0 360.49999999999784
614062.5 360.499999999998
614375.0 360.49999999999807
614687.5 360.49999999999824
615000.0 360.4999999999983
615312.5 360.4999999999984
615625.0 360.4999999999985
615937.5 360.4999999999986
616250.0 360.4999999999987
616562.5 360.4999999999988
616875.0 360.49999999999886
617187.5 360.4999999999989
617500.0 360.499999999999
617812.5 360.49999999999903
618125.0 360.49999999999915
618437.5 360.49999999999915
618750.0 360.4999999999992
619062.5 360.49999999999926
619375.0 360.49999999999926
619687.5 360.4999999999994
620000.0 360.4999999999994
620312.5 360.49999999999943
620625.0 360.49999999999943
620937.5 360.4999999999995
621250.0 360.49999999999955
621562.5 360.49999999999955
621875.0 360.4999999999996
622187.5 360.4999999999996
622500.0 360.4999999999996
622812.5 360.49999999999966
623125.0 360.49999999999966
623437.5 360.49999999999966
623750.0 360.49999999999966
624062.5 360.4999999999997
624375.0 360.4999999999998
624687.5 360.4999999999998
625000.0 360.4999999999998
625312.5 360.4999999999998
625625.0 360.4999999999998
625937.5 360.49999999999983
626250.0 360.49999999999983
626562.5 360.49999999999983
626875.0 360.49999999999983
627187.5 360.49999999999983
627500.0 360.49999999999983
627812.5 360.4999999999999
628125.0 360.4999999999999
628437.5 360.4999999999999
628750.0 360.49999999999994
629062.5 360.49999999999994
629375.0 360.49999999999994
629687.5 360.49999999999994
630000.0 360.49999999999994
630312.5 360.49999999999994
630625.0 360.49999999999994
630937.5 360.49999999999994
631250.0 360.49999999999994
631562.5 360.49999999999994
631875.0 360.49999999999994
632187.5 360.49999999999994
632500.0 360.49999999999994
632812.5 360.49999999999994
633125.0 360.49999999999994
633437.5 360.49999999999994
633750.0 360.49999999999994
634062.5 360.49999999999994
634375.0 360.49999999999994
634687.5 360.49999999999994
635000.0 360.49999999999994
635312.5 360.5
635625.0 360.5
635937.5 360.5
636250.0 360.5
636562.5 360.5
636875.0 360.5
637187.5 360.5
637500.0 360.5
637812.5 360.5
638125.0 360.5
638437.5 360.5
638750.0 360.5
639062.5 360.5
639375.0 360.5
639687.5 360.5
640000.0 360.5
640312.5 360.5
640625.0 360.5
640937.5 360.5
641250.0 360.5
641562.5 360.5
641875.0 360.5
642187.5 360.5
642500.0 360.5
642812.5 360.5
643125.0 360.5
643437.5 360.5
643750.0 360.5
644062.5 360.5
644375.0 360.5
644687.5 360.5
645000.0 360.5
645312.5 360.5
645625.0 360.5
645937.5 360.5
646250.0 360.5
646562.5 360.5
646875.0 360.5
647187.5 360.5
647500.0 360.5
647812.5 360.5
648125.0 360.5
648437.5 360.5
648750.0 360.5
649062.5 360.5
649375.0 360.5
649687.5 360.5
650000.0 360.5
650312.5 360.5
650625.0 360.5
650937.5 360.5
651250.0 360.5
651562.5 360.5
651875.0 360.5
652187.5 360.5
652500.0 360.5
652812.5 360.5
653125.0 360.5
653437.5 360.5
653750.0 360.5
654062.5 360.5
654375.0 360.5
654687.5 360.5
655000.0 360.5
655312.5 360.5
655625.0 360.5
655937.5 360.5
656250.0 360.5
656562.5 360.5
656875.0 360.5
657187.5 360.5
657500.0 360.5
657812.5 360.5
658125.0 360.5
658437.5 360.5
658750.0 360.5
659062.5 360.5
659375.0 360.5
659687.5 360.5
660000.0 360.5
660312.5 360.5
660625.0 360.5
660937.5 360.5
661250.0 360.5
661562.5 360.5
661875.0 360.5
662187.5 360.5
662500.0 360.5
662812.5 360.5
663125.0 360.5
663437.5 360.5
663750.0 360.5
664062.5 360.5
664375.0 360.5
664687.5 360.5
665000.0 360.5
665312.5 360.5
665625.0 360.5
665937.5 360.5
666250.0 360.5
666562.5 360.5
666875.0 360.5
667187.5 360.5
667500.0 360.5
667812.5 360.5
668125.0 360.5
668437.5 360.5
668750.0 360.5
669062.5 360.5
669375.0 360.5
669687.5 360.5
670000.0 360.5
670312.5 360.5
670625.0 360.5
670937.5 360.5
671250.0 360.5
671562.5 360.5
671875.0 360.5
672187.5 360.5
672500.0 360.5
672812.5 360.5
673125.0 360.5
673437.5 360.5
673750.0 360.5
674062.5 360.5
674375.0 360.5
674687.5 360.5
675000.0 360.5
675312.5 360.5
675625.0 360.5
675937.5 360.5
676250.0 360.5
676562.5 360.5
676875.0 360.5
677187.5 360.5
677500.0 360.5
677812.5 360.5
678125.0 360.5
678437.5 360.5
678750.0 360.5
679062.5 360.5
679375.0 360.5
679687.5 360.5
680000.0 360.5
680312.5 360.5
680625.0 360.5
680937.5 360.5
681250.0 360.5
681562.5 360.5
681875.0 360.5
682187.5 360.5
682500.0 360.5
682812.5 360.5
683125.0 360.5
683437.5 360.5
683750.0 360.5
684062.5 360.5
684375.0 360.5
684687.5 360.5
685000.0 360.5
685312.5 360.5
685625.0 360.5
685937.5 360.5
686250.0 360.5
686562.5 360.5
686875.0 360.5
687187.5 360.5
687500.0 360.5
687812.5 360.5
688125.0 360.5
688437.5 360.5
688750.0 360.5
689062.5 360.5
689375.0 360.5
689687.5 360.5
690000.0 360.5
690312.5 360.5
690625.0 360.5
690937.5 360.5
691250.0 360.5
691562.5 360.5
691875.0 360.5
692187.5 360.5
692500.0 360.5
692812.5 360.5
693125.0 360.5
693437.5 360.5
693750.0 360.5
694062.5 360.5
694375.0 360.5
694687.5 360.5
695000.0 360.5
695312.5 360.5
695625.0 360.5
695937.5 360.5
696250.0 360.5
696562.5 360.5
696875.0 360.5
697187.5 360.5
697500.0 360.5
697812.5 360.5
698125.0 360.5
698437.5 360.5
698750.0 360.5
699062.5 360.5
699375.0 360.5
699687.5 360.5
700000.0 360.5
