# POINTS: 2241
0.0 0.0
312.5 0.0
625.0 0.0
937.5 0.0
1250.0 0.0
1562.5 0.0
1875.0 0.0
2187.5 0.0
2500.0 0.0
2812.5 0.0
3125.0 0.0
3437.5 0.0
3750.0 0.0
4062.5 0.0
4375.0 0.0
4687.5 0.0
5000.0 0.0
5312.5 0.0
5625.0 0.0
5937.5 0.0
6250.0 0.0
6562.5 0.0
6875.0 0.0
7187.5 0.0
7500.0 0.0
7812.5 0.0
8125.0 0.0
8437.5 0.0
8750.0 0.0
9062.5 0.0
9375.0 0.0
9687.5 0.0
10000.0 0.0
10312.5 0.0
10625.0 0.0
10937.5 0.0
11250.0 0.0
11562.5 0.0
11875.0 0.0
12187.5 0.0
12500.0 0.0
12812.5 0.0
13125.0 0.0
13437.5 0.0
13750.0 0.0
14062.5 0.0
14375.0 0.0
14687.5 0.0
15000.0 0.0
15312.5 0.0
15625.0 0.0
15937.5 0.0
16250.0 0.0
16562.5 0.0
16875.0 0.0
17187.5 0.0
17500.0 0.0
17812.5 0.0
18125.0 0.0
18437.5 0.0
18750.0 0.0
19062.5 0.0
19375.0 0.0
19687.5 0.0
20000.0 0.0
20312.5 0.0
20625.0 0.0
20937.5 0.0
21250.0 0.0
21562.5 0.0
21875.0 0.0
22187.5 0.0
22500.0 0.0
22812.5 0.0
23125.0 0.0
23437.5 0.0
23750.0 0.0
24062.5 0.0
24375.0 0.0
24687.5 0.0
25000.0 0.0
25312.5 0.0
25625.0 0.0
25937.5 0.0
26250.0 0.0
26562.5 0.0
26875.0 0.0
27187.5 0.0
27500.0 0.0
27812.5 0.0
28125.0 0.0
28437.5 0.0
28750.0 0.0
29062.5 0.0
29375.0 0.0
29687.5 0.0
30000.0 0.0
30312.5 0.0
30625.0 0.0
30937.5 0.0
31250.0 0.0
31562.5 0.0
31875.0 0.0
32187.5 0.0
32500.0 0.0
32812.5 0.0
33125.0 0.0
33437.5 0.0
33750.0 0.0
34062.5 0.0
34375.0 0.0
34687.5 0.0
35000.0 0.0
35312.5 0.0
35625.0 0.0
35937.5 0.0
36250.0 0.0
36562.5 0.0
36875.0 0.0
37187.5 0.0
37500.0 0.0
37812.5 0.0
38125.0 0.0
38437.5 0.0
38750.0 0.0
39062.5 0.0
39375.0 0.0
39687.5 0.0
40000.0 0.0
40312.5 0.0
40625.0 0.0
40937.5 0.0
41250.0 0.0
41562.5 0.0
41875.0 0.0
42187.5 0.0
42500.0 0.0
42812.5 0.0
43125.0 0.0
43437.5 0.0
43750.0 0.0
44062.5 0.0
44375.0 0.0
44687.5 0.0
45000.0 0.0
45312.5 0.0
45625.0 0.0
45937.5 0.0
46250.0 0.0
46562.5 0.0
46875.0 0.0
47187.5 0.0
47500.0 0.0
47812.5 0.0
48125.0 0.0
48437.5 0.0
48750.0 0.0
49062.5 0.0
49375.0 0.0
49687.5 0.0
50000.0 0.0
50312.5 0.0
50625.0 0.0
50937.5 0.0
51250.0 0.0
51562.5 0.0
51875.0 0.0
52187.5 0.0
52500.0 0.0
52812.5 0.0
53125.0 0.0
53437.5 0.0
53750.0 0.0
54062.5 0.0
54375.0 0.0
54687.5 0.0
55000.0 0.0
55312.5 0.0
55625.0 0.0
55937.5 0.0
56250.0 0.0
56562.5 0.0
56875.0 0.0
57187.5 0.0
57500.0 0.0
57812.5 0.0
58125.0 0.0
58437.5 0.0
58750.0 0.0
59062.5 0.0
59375.0 0.0
59687.5 0.0
60000.0 0.0
60312.5 0.0
60625.0 0.0
60937.5 0.0
61250.0 0.0
61562.5 0.0
61875.0 0.0
62187.5 0.0
62500.0 0.0
62812.5 0.0
63125.0 0.0
63437.5 0.0
63750.0 0.0
64062.5 0.0
64375.0 0.0
64687.5 0.0
65000.0 0.0
65312.5 0.0
65625.0 0.0
65937.5 0.0
66250.0 0.0
66562.5 0.0
66875.0 0.0
67187.5 0.0
67500.0 0.0
67812.5 0.0
68125.0 0.0
68437.5 0.0
68750.0 0.0
69062.5 0.0
69375.0 0.0
69687.5 0.0
70000.0 0.0
70312.5 0.0
70625.0 0.0
70937.5 0.0
71250.0 0.0
71562.5 0.0
71875.0 0.0
72187.5 0.0
72500.0 0.0
72812.5 0.0
73125.0 0.0
73437.5 0.0
73750.0 0.0
74062.5 0.0
74375.0 0.0
74687.5 0.0
75000.0 0.0
75312.5 0.0
75625.0 0.0
75937.5 0.0
76250.0 0.0
76562.5 0.0
76875.0 0.0
77187.5 0.0
77500.0 0.0
77812.5 0.0
78125.0 0.0
78437.5 0.0
78750.0 0.0
79062.5 0.0
79375.0 0.0
79687.5 0.0
80000.0 0.0
80312.5 0.0
80625.0 0.0
80937.5 0.0
81250.0 0.0
81562.5 0.0
81875.0 0.0
82187.5 0.0
82500.0 0.0
82812.5 0.0
83125.0 0.0
83437.5 0.0
83750.0 0.0
84062.5 0.0
84375.0 0.0
84687.5 0.0
85000.0 0.0
85312.5 0.0
85625.0 0.0
85937.5 0.0
86250.0 0.0
86562.5 0.0
86875.0 0.0
87187.5 0.0
87500.0 0.0
87812.5 0.0
88125.0 0.0
88437.5 0.0
88750.0 0.0
89062.5 0.0
89375.0 0.0
89687.5 0.0
90000.0 0.0
90312.5 0.0
90625.0 0.0
90937.5 0.0
91250.0 0.0
91562.5 0.0
91875.0 0.0
92187.5 0.0
92500.0 0.0
92812.5 0.0
93125.0 0.0
93437.5 0.0
93750.0 0.0
94062.5 0.0
94375.0 0.0
94687.5 0.0
95000.0 0.0
95312.5 0.0
95625.0 0.0
95937.5 0.0
96250.0 0.0
96562.5 0.0
96875.0 0.0
97187.5 0.0
97500.0 0.0
97812.5 0.0
98125.0 0.0
98437.5 0.0
98750.0 0.0
99062.5 0.0
99375.0 0.0
99687.5 0.0
100000.0 0.0
100312.5 0.0
100625.0 0.0
100937.5 0.0
101250.0 0.0
101562.5 0.0
101875.0 0.0
102187.5 0.0
102500.0 0.0
102812.5 0.0
103125.0 0.0
103437.5 0.0
103750.0 0.0
104062.5 0.0
104375.0 0.0
104687.5 0.0
105000.0 0.0
105312.5 0.0
105625.0 0.0
105937.5 0.0
106250.0 0.0
106562.5 0.0
106875.0 0.0
107187.5 0.0
107500.0 0.0
107812.5 0.0
108125.0 0.0
108437.5 0.0
108750.0 0.0
109062.5 0.0
109375.0 0.0
109687.5 0.0
110000.0 0.0
110312.5 0.0
110625.0 0.0
110937.5 0.0
111250.0 0.0
111562.5 0.0
111875.0 0.0
112187.5 0.0
112500.0 0.0
112812.5 0.0
113125.0 0.0
113437.5 0.0
113750.0 0.0
114062.5 0.0
114375.0 0.0
114687.5 0.0
115000.0 0.0
115312.5 0.0
115625.0 0.0
115937.5 0.0
116250.0 0.0
116562.5 0.0
116875.0 0.0
117187.5 0.0
117500.0 0.0
117812.5 0.0
118125.0 0.0
118437.5 0.0
118750.0 0.0
119062.5 0.0
119375.0 0.0
119687.5 0.0
120000.0 0.0
120312.5 0.0
120625.0 0.0
120937.5 0.0
121250.0 0.0
121562.5 0.0
121875.0 0.0
122187.5 0.0
122500.0 0.0
122812.5 0.0
123125.0 0.0
123437.5 0.0
123750.0 0.0
124062.5 0.0
124375.0 0.0
124687.5 0.0
125000.0 0.0
125312.5 0.0
125625.0 0.0
125937.5 0.0
126250.0 0.0
126562.5 0.0
126875.0 0.0
127187.5 0.0
127500.0 0.0
127812.5 0.0
128125.0 0.0
128437.5 0.0
128750.0 0.0
129062.5 0.0
129375.0 0.0
129687.5 0.0
130000.0 0.0
130312.5 0.0
130625.0 0.0
130937.5 0.0
131250.0 0.0
131562.5 0.0
131875.0 0.0
132187.5 0.0
132500.0 0.0
132812.5 0.0
133125.0 0.0
133437.5 0.0
133750.0 0.0
134062.5 0.0
134375.0 0.0
134687.5 0.0
135000.0 0.0
135312.5 0.0
135625.0 0.0
135937.5 0.0
136250.0 0.0
136562.5 0.0
136875.0 0.0
137187.5 0.0
137500.0 0.0
137812.5 0.0
138125.0 0.0
138437.5 0.0
138750.0 0.0
139062.5 0.0
139375.0 0.0
139687.5 0.0
140000.0 0.0
140312.5 0.0
140625.0 0.0
140937.5 0.0
141250.0 0.0
141562.5 0.0
141875.0 0.0
142187.5 0.0
142500.0 0.0
142812.5 0.0
143125.0 0.0
143437.5 0.0
143750.0 0.0
144062.5 0.0
144375.0 0.0
144687.5 0.0
145000.0 0.0
145312.5 0.0
145625.0 0.0
145937.5 0.0
146250.0 0.0
146562.5 0.0
146875.0 0.0
147187.5 0.0
147500.0 0.0
147812.5 0.0
148125.0 0.0
148437.5 0.0
148750.0 0.0
149062.5 0.0
149375.0 0.0
149687.5 0.0
150000.0 0.0
150312.5 0.0
150625.0 0.0
150937.5 0.0
151250.0 0.0
151562.5 0.0
151875.0 0.0
152187.5 0.0
152500.0 0.0
152812.5 0.0
153125.0 0.0
153437.5 0.0
153750.0 0.0
154062.5 0.0
154375.0 0.0
154687.5 0.0
155000.0 0.0
155312.5 0.0
155625.0 0.0
155937.5 0.0
156250.0 0.0
156562.5 0.0
156875.0 0.0
157187.5 0.0
157500.0 0.0
157812.5 0.0
158125.0 0.0
158437.5 0.0
158750.0 0.0
159062.5 0.0
159375.0 0.0
159687.5 0.0
160000.0 0.0
160312.5 0.0
160625.0 0.0
160937.5 0.0
161250.0 0.0
161562.5 0.0
161875.0 0.0
162187.5 0.0
162500.0 0.0
162812.5 0.0
163125.0 0.0
163437.5 0.0
163750.0 0.0
164062.5 0.0
164375.0 0.0
164687.5 0.0
165000.0 0.0
165312.5 0.0
165625.0 0.0
165937.5 0.0
166250.0 0.0
166562.5 0.0
166875.0 0.0
167187.5 0.0
167500.0 0.0
167812.5 0.0
168125.0 0.0
168437.5 0.0
168750.0 0.0
169062.5 0.0
169375.0 0.0
169687.5 0.0
170000.0 0.0
170312.5 0.0
170625.0 0.0
170937.5 0.0
171250.0 0.0
171562.5 0.0
171875.0 0.0
172187.5 0.0
172500.0 0.0
172812.5 0.0
173125.0 0.0
173437.5 0.0
173750.0 0.0
174062.5 0.0
174375.0 0.0
174687.5 0.0
175000.0 0.0
175312.5 0.0
175625.0 0.0
175937.5 0.0
176250.0 0.0
176562.5 0.0
176875.0 0.0
177187.5 0.0
177500.0 0.0
177812.5 0.0
178125.0 0.0
178437.5 0.0
178750.0 0.0
179062.5 0.0
179375.0 0.0
179687.5 0.0
180000.0 0.0
180312.5 0.0
180625.0 0.0
180937.5 0.0
181250.0 0.0
181562.5 0.0
181875.0 0.0
182187.5 0.0
182500.0 0.0
182812.5 0.0
183125.0 0.0
183437.5 0.0
183750.0 0.0
184062.5 0.0
184375.0 0.0
184687.5 0.0
185000.0 0.0
185312.5 0.0
185625.0 0.0
185937.5 0.0
186250.0 0.0
186562.5 0.0
186875.0 0.0
187187.5 0.0
187500.0 0.0
187812.5 0.0
188125.0 0.0
188437.5 0.0
188750.0 0.0
189062.5 0.0
189375.0 0.0
189687.5 0.0
190000.0 0.0
190312.5 0.0
190625.0 0.0
190937.5 0.0
191250.0 0.0
191562.5 0.0
191875.0 0.0
192187.5 0.0
192500.0 0.0
192812.5 0.0
193125.0 0.0
193437.5 0.0
193750.0 0.0
194062.5 0.0
194375.0 0.0
194687.5 0.0
195000.0 0.0
195312.5 0.0
195625.0 0.0
195937.5 0.0
196250.0 0.0
196562.5 0.0
196875.0 0.0
197187.5 0.0
197500.0 0.0
197812.5 0.0
198125.0 0.0
198437.5 0.0
198750.0 0.0
199062.5 0.0
199375.0 0.0
199687.5 0.0
200000.0 0.0
200312.5 0.0
200625.0 0.0
200937.5 0.0
201250.0 0.0
201562.5 0.0
201875.0 0.0
202187.5 0.0
202500.0 0.0
202812.5 0.0
203125.0 0.0
203437.5 0.0
203750.0 0.0
204062.5 0.0
204375.0 0.0
204687.5 0.0
205000.0 0.0
205312.5 0.0
205625.0 0.0
205937.5 0.0
206250.0 0.0
206562.5 0.0
206875.0 0.0
207187.5 0.0
207500.0 0.0
207812.5 0.0
208125.0 0.0
208437.5 0.0
208750.0 0.0
209062.5 0.0
209375.0 0.0
209687.5 0.0
210000.0 0.0
210312.5 0.0
210625.0 0.0
210937.5 0.0
211250.0 0.0
211562.5 0.0
211875.0 0.0
212187.5 0.0
212500.0 0.0
212812.5 0.0
213125.0 0.0
213437.5 0.0
213750.0 0.0
214062.5 0.0
214375.0 0.0
214687.5 0.0
215000.0 0.0
215312.5 0.0
215625.0 0.0
215937.5 0.0
216250.0 0.0
216562.5 0.0
216875.0 0.0
217187.5 0.0
217500.0 0.0
217812.5 0.0
218125.0 0.0
218437.5 0.0
218750.0 0.0
219062.5 0.0
219375.0 0.0
219687.5 0.0
220000.0 0.0
220312.5 0.0
220625.0 0.0
220937.5 0.0
221250.0 0.0
221562.5 0.0
221875.0 0.0
222187.5 0.0
222500.0 0.0
222812.5 0.0
223125.0 0.0
223437.5 0.0
223750.0 0.0
224062.5 0.0
224375.0 0.0
224687.5 0.0
225000.0 0.0
225312.5 0.0
225625.0 0.0
225937.5 0.0
226250.0 0.0
226562.5 0.0
226875.0 0.0
227187.5 0.0
227500.0 0.0
227812.5 0.0
228125.0 0.0
228437.5 0.0
228750.0 0.0
229062.5 0.0
229375.0 0.0
229687.5 0.0
230000.0 0.0
230312.5 0.0
230625.0 0.0
230937.5 0.0
231250.0 0.0
231562.5 0.0
231875.0 0.0
232187.5 0.0
232500.0 0.0
232812.5 0.0
233125.0 0.0
233437.5 0.0
233750.0 0.0
234062.5 0.0
234375.0 0.0
234687.5 0.0
235000.0 0.0
235312.5 0.0
235625.0 0.0
235937.5 0.0
236250.0 0.0
236562.5 0.0
236875.0 0.0
237187.5 0.0
237500.0 0.0
237812.5 0.0
238125.0 0.0
238437.5 0.0
238750.0 0.0
239062.5 0.0
239375.0 0.0
239687.5 0.0
240000.0 0.0
240312.5 0.0
240625.0 0.0
240937.5 0.0
241250.0 0.0
241562.5 0.0
241875.0 0.0
242187.5 0.0
242500.0 0.0
242812.5 0.0
243125.0 0.0
243437.5 0.0
243750.0 0.0
244062.5 0.0
244375.0 0.0
244687.5 0.0
245000.0 0.0
245312.5 0.0
245625.0 0.0
245937.5 0.0
246250.0 0.0
246562.5 0.0
246875.0 0.0
247187.5 0.0
247500.0 0.0
247812.5 0.0
248125.0 0.0
248437.5 0.0
248750.0 0.0
249062.5 0.0
249375.0 0.0
249687.5 0.0
250000.0 0.0
250312.5 0.0
250625.0 0.0
250937.5 0.0
251250.0 0.0
251562.5 0.0
251875.0 0.0
252187.5 0.0
252500.0 0.0
252812.5 0.0
253125.0 0.0
253437.5 0.0
253750.0 0.0
254062.5 0.0
254375.0 0.0
254687.5 0.0
255000.0 0.0
255312.5 0.0
255625.0 0.0
255937.5 0.0
256250.0 0.0
256562.5 0.0
256875.0 0.0
257187.5 0.0
257500.0 0.0
257812.5 0.0
258125.0 0.0
258437.5 0.0
258750.0 0.0
259062.5 0.0
259375.0 0.0
259687.5 0.0
260000.0 0.0
260312.5 0.0
260625.0 0.0
260937.5 0.0
261250.0 0.0
261562.5 0.0
261875.0 0.0
262187.5 0.0
262500.0 0.0
262812.5 0.0
263125.0 0.0
263437.5 0.0
263750.0 0.0
264062.5 0.0
264375.0 0.0
264687.5 0.0
265000.0 0.0
265312.5 0.0
265625.0 0.0
265937.5 0.0
266250.0 0.0
266562.5 0.0
266875.0 0.0
267187.5 0.0
267500.0 0.0
267812.5 0.0
268125.0 0.0
268437.5 0.0
268750.0 0.0
269062.5 0.0
269375.0 0.0
269687.5 0.0
270000.0 0.0
270312.5 0.0
270625.0 0.0
270937.5 0.0
271250.0 0.0
271562.5 0.0
271875.0 0.0
272187.5 0.0
272500.0 0.0
272812.5 0.0
273125.0 0.0
273437.5 0.0
273750.0 0.0
274062.5 0.0
274375.0 0.0
274687.5 0.0
275000.0 0.0
275312.5 0.0
275625.0 0.0
275937.5 0.0
276250.0 0.0
276562.5 0.0
276875.0 0.0
277187.5 0.0
277500.0 0.0
277812.5 0.0
278125.0 0.0
278437.5 0.0
278750.0 0.0
279062.5 0.0
279375.0 0.0
279687.5 0.0
280000.0 0.0
280312.5 0.0
280625.0 0.0
280937.5 0.0
281250.0 0.0
281562.5 0.0
281875.0 0.0
282187.5 0.0
282500.0 0.0
282812.5 0.0
283125.0 0.0
283437.5 0.0
283750.0 0.0
284062.5 0.0
284375.0 0.0
284687.5 0.0
285000.0 0.0
285312.5 0.0
285625.0 0.0
285937.5 0.0
286250.0 0.0
286562.5 0.0
286875.0 0.0
287187.5 0.0
287500.0 0.0
287812.5 0.0
288125.0 0.0
288437.5 0.0
288750.0 0.0
289062.5 0.0
289375.0 0.0
289687.5 0.0
290000.0 0.0
290312.5 0.0
290625.0 0.0
290937.5 0.0
291250.0 0.0
291562.5 0.0
291875.0 0.0
292187.5 0.0
292500.0 0.0
292812.5 0.0
293125.0 0.0
293437.5 0.0
293750.0 0.0
294062.5 0.0
294375.0 0.0
294687.5 0.0
295000.0 0.0
295312.5 0.0
295625.0 0.0
295937.5 0.0
296250.0 0.0
296562.5 0.0
296875.0 0.0
297187.5 0.0
297500.0 0.0
297812.5 0.0
298125.0 0.0
298437.5 0.0
298750.0 0.0
299062.5 0.0
299375.0 0.0
299687.5 0.0
300000.0 0.0
300312.5 0.0
300625.0 0.0
300937.5 0.0
301250.0 0.0
301562.5 0.0
301875.0 0.0
302187.5 0.0
302500.0 0.0
302812.5 0.0
303125.0 0.0
303437.5 0.0
303750.0 0.0
304062.5 0.0
304375.0 0.0
304687.5 0.0
305000.0 0.0
305312.5 0.0
305625.0 0.0
305937.5 0.0
306250.0 0.0
306562.5 0.0
306875.0 0.0
307187.5 0.0
307500.0 0.0
307812.5 0.0
308125.0 0.0
308437.5 0.0
308750.0 0.0
309062.5 0.0
309375.0 0.0
309687.5 1.9984014443252818e-14
310000.0 1.9984014443252818e-14
310312.5 1.9984014443252818e-14
310625.0 1.9984014443252818e-14
310937.5 1.9984014443252818e-14
311250.0 1.9984014443252818e-14
311562.5 1.9984014443252818e-14
311875.0 1.9984014443252818e-14
312187.5 1.9984014443252818e-14
312500.0 1.9984014443252818e-14
312812.5 1.9984014443252818e-14
313125.0 1.9984014443252818e-14
313437.5 1.9984014443252818e-14
313750.0 1.9984014443252818e-14
314062.5 1.9984014443252818e-14
314375.0 1.9984014443252818e-14
314687.5 1.9984014443252818e-14
315000.0 3.9968028886505635e-14
315312.5 3.9968028886505635e-14
315625.0 3.9968028886505635e-14
315937.5 3.9968028886505635e-14
316250.0 3.9968028886505635e-14
316562.5 3.9968028886505635e-14
316875.0 3.9968028886505635e-14
317187.5 3.9968028886505635e-14
317500.0 5.995204332975845e-14
317812.5 5.995204332975845e-14
318125.0 5.995204332975845e-14
318437.5 5.995204332975845e-14
318750.0 5.995204332975845e-14
319062.5 5.995204332975845e-14
319375.0 7.993605777301127e-14
319687.5 7.993605777301127e-14
320000.0 7.993605777301127e-14
320312.5 7.993605777301127e-14
320625.0 9.992007221626409e-14
320937.5 9.992007221626409e-14
321250.0 9.992007221626409e-14
321562.5 1.199040866595169e-13
321875.0 1.199040866595169e-13
322187.5 1.199040866595169e-13
322500.0 1.3988810110276972e-13
322812.5 1.3988810110276972e-13
323125.0 1.5987211554602254e-13
323437.5 1.5987211554602254e-13
323750.0 1.7985612998927536e-13
324062.5 1.7985612998927536e-13
324375.0 1.9984014443252818e-13
324687.5 2.19824158875781e-13
325000.0 2.19824158875781e-13
325312.5 2.398081733190338e-13
325625.0 2.5979218776228663e-13
325937.5 2.7977620220553945e-13
326250.0 2.9976021664879227e-13
326562.5 3.197442310920451e-13
326875.0 3.397282455352979e-13
327187.5 3.597122599785507e-13
327500.0 3.7969627442180354e-13
327812.5 3.9968028886505635e-13
328125.0 4.1966430330830917e-13
328437.5 4.596323321948148e-13
328750.0 4.796163466380676e-13
329062.5 5.195843755245733e-13
329375.0 5.395683899678261e-13
329687.5 5.795364188543317e-13
330000.0 6.195044477408373e-13
330312.5 6.59472476627343e-13
330625.0 6.994405055138486e-13
330937.5 7.394085344003543e-13
331250.0 7.993605777301127e-13
331562.5 8.393286066166183e-13
331875.0 8.992806499463768e-13
332187.5 9.592326932761353e-13
332500.0 1.0191847366058937e-12
332812.5 1.0791367799356522e-12
333125.0 1.1590728377086634e-12
333437.5 1.2190248810384219e-12
333750.0 1.2989609388114332e-12
334062.5 1.3988810110276972e-12
334375.0 1.4788170688007085e-12
334687.5 1.5787371410169726e-12
335000.0 1.6786572132332367e-12
335312.5 1.7785772854495008e-12
335625.0 1.8984813721090177e-12
335937.5 2.0183854587685346e-12
336250.0 2.1582735598713043e-12
336562.5 2.298161660974074e-12
336875.0 2.4380497620768438e-12
337187.5 2.5979218776228663e-12
337500.0 2.757793993168889e-12
337812.5 2.9376501231581642e-12
338125.0 3.1374902675906924e-12
338437.5 3.3373304120232206e-12
338750.0 3.5571545708990016e-12
339062.5 3.7769787297747826e-12
339375.0 4.016786903093816e-12
339687.5 4.276579090856103e-12
340000.0 4.5563552930616424e-12
340312.5 4.856115509710435e-12
340625.0 5.17585974080248e-12
340937.5 5.495603971894525e-12
341250.0 5.8553162318730756e-12
341562.5 6.235012506294879e-12
341875.0 6.6346927951599355e-12
342187.5 7.054357098468245e-12
342500.0 7.51398943066306e-12
342812.5 7.993605777301127e-12
343125.0 8.5131901528257e-12
343437.5 9.07274255723678e-12
343750.0 9.652278976091111e-12
344062.5 1.0271783423831948e-11
344375.0 1.0931255900459291e-11
344687.5 1.1650680420416393e-11
345000.0 1.2390088954816747e-11
345312.5 1.318944953254686e-11
345625.0 1.4048762153606731e-11
345937.5 1.4948042803553108e-11
346250.0 1.5907275496829243e-11
346562.5 1.694644424787839e-11
346875.0 1.802558102781404e-11
347187.5 1.9184653865522705e-11
347500.0 2.042366276100438e-11
347812.5 2.1742607714259066e-11
348125.0 2.3161472739730016e-11
348437.5 2.4640289808530724e-11
348750.0 2.623901096399095e-11
349062.5 2.793765219166744e-11
349375.0 2.973621349156019e-11
349687.5 3.1654678878112463e-11
350000.0 3.369304835132425e-11
350312.5 3.5851321911195555e-11
350625.0 3.816946758661288e-11
350937.5 4.062750136313298e-11
351250.0 4.326539126964235e-11
351562.5 4.604316927725449e-11
351875.0 4.902078742929916e-11
352187.5 5.217826171133311e-11
352500.0 5.553557613779958e-11
352812.5 5.913269873758509e-11
353125.0 6.292966148180312e-11
353437.5 6.698641641378345e-11
353750.0 7.132294754796931e-11
354062.5 7.591927086991745e-11
354375.0 8.08153544085144e-11
354687.5 8.603118217820338e-11
355000.0 9.156675417898441e-11
355312.5 9.748202245418724e-11
355625.0 1.0375700298936863e-10
355937.5 1.1045164782785832e-10
356250.0 1.1758594098409958e-10
356562.5 1.251598824580924e-10
356875.0 1.3323342429316654e-10
357187.5 1.4182655050376525e-10
357500.0 1.5097922911877504e-10
357812.5 1.6071144415263916e-10
358125.0 1.7108314764868737e-10
358437.5 1.8211432362136293e-10
358750.0 1.9386492411399558e-10
359062.5 2.063549331410286e-10
359375.0 2.1966428676023497e-10
359687.5 2.338329530005012e-10
360000.0 2.489208839051571e-10
360312.5 2.649680475030891e-10
360625.0 2.8205437985207027e-10
360937.5 3.002598170098736e-10
361250.0 3.1962432700538557e-10
361562.5 3.402278458963792e-10
361875.0 3.621702937550708e-10
362187.5 3.8553160663923336e-10
362500.0 4.1039172060663986e-10
362812.5 4.3687053974394985e-10
363125.0 4.650480001089363e-10
363437.5 4.950240217738155e-10
363750.0 5.269584768541336e-10
364062.5 5.609512854221066e-10
364375.0 5.971223515643942e-10
364687.5 6.356315473965424e-10
365000.0 6.766387450340972e-10
365312.5 7.202638485637181e-10
365625.0 7.667266821442809e-10
365937.5 8.161671338768883e-10
366250.0 8.688050279204163e-10
366562.5 9.248402044192972e-10
366875.0 9.844924875324068e-10
367187.5 1.047981701418621e-09
367500.0 1.115567638265702e-09
367812.5 1.1875300742758554e-09
368125.0 1.2641088176224002e-09
368437.5 1.3456435965508717e-09
368750.0 1.4324341712779187e-09
369062.5 1.5248002860346332e-09
369375.0 1.6231616051243236e-09
369687.5 1.7278378727780819e-09
370000.0 1.8392687373136596e-09
370312.5 1.9578938470488083e-09
370625.0 2.084172834315723e-09
370937.5 2.2185853154610413e-09
371250.0 2.3616708588747315e-09
371562.5 2.5139890169612045e-09
371875.0 2.6761193261393146e-09
372187.5 2.848721258885689e-09
372500.0 3.0324542876769556e-09
372812.5 3.2280178530186276e-09
373125.0 3.4362113154884355e-09
373437.5 3.6578340356641093e-09
373750.0 3.893745326166709e-09
374062.5 4.144864451660624e-09
374375.0 4.412190612868017e-09
374687.5 4.6967429945254935e-09
375000.0 4.99966068545632e-09
375312.5 5.322102758498204e-09
375625.0 5.665348190575514e-09
375937.5 6.030735910655949e-09
376250.0 6.4196847837649784e-09
376562.5 6.8337335790147336e-09
376875.0 7.274461033546231e-09
377187.5 7.743625740630478e-09
377500.0 8.243046245581809e-09
377812.5 8.774680981815663e-09
378125.0 9.340588302819697e-09
378437.5 9.943006418211553e-09
378750.0 1.0584273457681093e-08
379062.5 1.1266907407048166e-08
379375.0 1.1993566140233725e-08
379687.5 1.2767087387288711e-08
380000.0 1.3590488734394057e-08
380312.5 1.4466987607875126e-08
380625.0 1.54000412422306e-08
380937.5 1.6393246760060265e-08
381250.0 1.7450521028195e-08
381562.5 1.857598075361011e-08
381875.0 1.977404240349756e-08
382187.5 2.1049362253222625e-08
382500.0 2.2406916322381676e-08
382812.5 2.385204034283106e-08
383125.0 2.5390369806643776e-08
383437.5 2.7027899918152798e-08
383750.0 2.8771065530008855e-08
384062.5 3.0626621239093765e-08
384375.0 3.260188119469376e-08
384687.5 3.470451925835505e-08
385000.0 3.694276884402825e-08
385312.5 3.932536296602507e-08
385625.0 4.18616341590905e-08
385937.5 4.4561474510373955e-08
386250.0 4.7435455563515916e-08
386562.5 5.04947683666046e-08
386875.0 5.375140332830597e-08
387187.5 5.721807028180592e-08
387500.0 6.090831838889699e-08
387812.5 6.48365761080072e-08
388125.0 6.901817117821452e-08
388437.5 7.346947050734798e-08
388750.0 7.820784020395877e-08
389062.5 8.325180544943578e-08
389375.0 8.86210904660345e-08
389687.5 9.433665848490591e-08
390000.0 1.0042085163419756e-07
390312.5 1.0689743090708248e-07
390625.0 1.1379173603387471e-07
390937.5 1.2113066549801488e-07
391250.0 1.2894291634424349e-07
391562.5 1.3725902414662983e-07
391875.0 1.4611148291265863e-07
392187.5 1.5553486498731672e-07
392500.0 1.6556600090922302e-07
392812.5 1.7624407933070074e-07
393125.0 1.8761084685792184e-07
393437.5 1.9971070797097923e-07
393750.0 2.1259094484804564e-07
394062.5 2.2630187723748918e-07
394375.0 2.4089710226604666e-07
394687.5 2.564336343269247e-07
395000.0 2.7297218485600183e-07
395312.5 2.9057736217197316e-07
395625.0 3.0931799122058123e-07
395937.5 3.292672934307461e-07
396250.0 3.505032064587965e-07
396562.5 3.7310872391671523e-07
396875.0 3.9717217514834147e-07
397187.5 4.227875849416307e-07
397500.0 4.500550332409148e-07
397812.5 4.790810947952195e-07
398125.0 5.09979158902496e-07
398437.5 5.428699889620248e-07
398750.0 5.778821021706904e-07
399062.5 6.151522891073569e-07
399375.0 6.548262132533011e-07
399687.5 6.970588706245451e-07
400000.0 7.420153091963755e-07
400312.5 7.898711684717341e-07
400625.0 8.408134988258098e-07
400937.5 8.950413010744285e-07
401250.0 9.527665056907608e-07
401562.5 1.0142146722458278e-06
401875.0 1.0796258886891508e-06
402187.5 1.1492557905334877e-06
402500.0 1.2233764201674546e-06
402812.5 1.3022774059123776e-06
403125.0 1.3862670811271016e-06
403437.5 1.4756736232968137e-06
403750.0 1.5708464129460253e-06
404062.5 1.672157292631482e-06
404375.0 1.7800021656633191e-06
404687.5 1.894802454938116e-06
405000.0 2.0170067016600512e-06
405312.5 2.1470924638222755e-06
405625.0 2.2855680348321528e-06
405937.5 2.4329745018647486e-06
406250.0 2.589887864168361e-06
406562.5 2.756921291258152e-06
406875.0 2.934727441061824e-06
407187.5 3.1240010978095256e-06
407500.0 3.325481849891787e-06
407812.5 3.5399570075256293e-06
408125.0 3.76826460035673e-06
408437.5 4.011296794725894e-06
408750.0 4.2700032110154496e-06
409062.5 4.545394740596009e-06
409375.0 4.838547522645342e-06
409687.5 5.150607020887321e-06
410000.0 5.482792619915244e-06
410312.5 5.836402361403259e-06
410625.0 6.212817960093986e-06
410937.5 6.613510299402492e-06
411250.0 7.040045046924348e-06
411562.5 7.4940889494001794e-06
411875.0 7.977416147664229e-06
412187.5 8.491915270969486e-06
412500.0 9.039596731152955e-06
412812.5 9.622600616321364e-06
413125.0 1.0243205024185187e-05
413437.5 1.0903834974929083e-05
413750.0 1.1607071883634745e-05
414062.5 1.2355663672192208e-05
414375.0 1.3152535480731586e-05
414687.5 1.4000801118463357e-05
415000.0 1.4903775173991107e-05
415312.5 1.586498604488895e-05
415625.0 1.688818968670347e-05
415937.5 1.797738428122031e-05
416250.0 1.913682590393151e-05
416562.5 2.037104505081544e-05
416875.0 2.168486450404572e-05
417187.5 2.308341801704472e-05
417500.0 2.457217047835414e-05
417812.5 2.6156939194610374e-05
418125.0 2.784391671228903e-05
418437.5 2.9639694898442315e-05
418750.0 3.1551290819997746e-05
419062.5 3.3586174061905893e-05
419375.0 3.575229596375351e-05
419687.5 3.805812071489001e-05
420000.0 4.05126583480353e-05
420312.5 4.31255000110653e-05
420625.0 4.5906855437038985e-05
420937.5 4.886759283229125e-05
421250.0 5.2019281342463586e-05
421562.5 5.537423623636073e-05
421875.0 5.894556704744147e-05
422187.5 6.27472288328157e-05
422500.0 6.679407666965176e-05
422812.5 7.110192364878642e-05
423125.0 7.568760276521758e-05
423437.5 8.056903266551174e-05
423750.0 8.576528759185464e-05
424062.5 9.129667202234515e-05
424375.0 9.718479988762851e-05
424687.5 0.00010345267916322953
425000.0 0.00011012480169769745
425312.5 0.0001172272388760831
425625.0 0.00012478774359836464
425937.5 0.0001328358586327738
426250.0 0.00014140303210341543
426562.5 0.0001505227403320042
426875.0 0.00016023061869319122
427187.5 0.0001705646008631767
427500.0 0.000181565066961209
427812.5 0.00019327500142329868
428125.0 0.00020574016092789194
428437.5 0.00021900925321283182
428750.0 0.00023313412736314376
429062.5 0.00024816997638898997
429375.0 0.0002641755529930734
429687.5 0.0002812133990270915
430000.0 0.00029935008995618517
430312.5 0.0003186564949508863
430625.0 0.00033920805380560637
430937.5 0.00036108507176280114
431250.0 0.00038437303322202965
431562.5 0.0004091629358327076
431875.0 0.0004355516460696762
432187.5 0.000463642277630516
432500.0 0.0004935445944731498
432812.5 0.0005253754395928567
433125.0 0.0005592591916570022
433437.5 0.0005953282509763014
433750.0 0.0006337235568110167
434062.5 0.000674595138110412
434375.0 0.0007181026997438167
434687.5 0.0007644162464814919
435000.0 0.0008137167472432871
435312.5 0.0008661968422929434
435625.0 0.0009220615958760447
435937.5 0.000981529297459094
436250.0 0.0010448323146672323
436562.5 0.0011122180012779204
436875.0 0.0011839496635679403
437187.5 0.0012603075891903792
437500.0 0.001341590142298621
437812.5 0.0014281149293737805
438125.0 0.0015202200400721289
438437.5 0.0016182653682683679
438750.0 0.0017226340181508704
439062.5 0.0018337338011642501
439375.0 0.0019519988292149293
439687.5 0.0020778912108543324
440000.0 0.002211902856794623
440312.5 0.0023545574016914372
440625.0 0.0025064122500473296
440937.5 0.0026680607539097956
441250.0 0.002840134531056915
441562.5 0.0030233059325834866
441875.0 0.003218290669719792
442187.5 0.003425850609894976
442500.0 0.0036467967531161882
442812.5 0.0038819924002742034
443125.0 0.004132356525745617
443437.5 0.004398867367381154
443750.0 0.004682566247928843
444062.5 0.004984561642960017
444375.0 0.005306033510825703
444687.5 0.005648237901989539
445000.0 0.006012511865323145
445312.5 0.006400278670748438
445625.0 0.006813053368570632
445937.5 0.0072524487070646515
446250.0 0.00772018143153641
446562.5 0.00821807898943927
446875.0 0.008748086667584865
447187.5 0.009312275189286012
447500.0 0.009912848801247875
447812.5 0.010552153881462356
448125.0 0.011232688101818766
448437.5 0.01195711018126211
448750.0 0.012728250267028951
449062.5 0.013549120985147933
449375.0 0.014422929202511092
449687.5 0.015353088546798954
450000.0 0.01634323273288052
450312.5 0.01739722974740676
450625.0 0.018519196947193173
450937.5 0.01971351712962477
451250.0 0.020984855638013222
451562.5 0.022338178568273026
451875.0 0.023778772147680094
452187.5 0.02531226336089265
452500.0 0.026944641903829947
452812.5 0.028682283549981147
453125.0 0.03053197502049132
453437.5 0.032500940454107674
453750.0 0.03459686957980379
454062.5 0.036827947701294494
454375.0 0.03920288760956847
454687.5 0.041730963547079725
455000.0 0.04442204735505273
455312.5 0.04728664694348961
455625.0 0.050335947233040024
455937.5 0.05358185372622781
456250.0 0.05703703887689926
456562.5 0.06071499143609049
456875.0 0.06463006896484158
457187.5 0.06879755371599572
457500.0 0.07323371209987162
457812.5 0.07795585796224636
458125.0 0.08298241991753441
458437.5 0.08833301299533636
458750.0 0.09402851487445796
459062.5 0.10009114699590649
459375.0 0.10654456086471642
459687.5 0.11341392986928156
460000.0 0.12072604696793388
460312.5 0.1285094286135524
460625.0 0.13679442531066677
460937.5 0.14561333922314068
461250.0 0.15500054927686024
461562.5 0.16499264422860982
461875.0 0.17562856420161532
462187.5 0.1869497512181706
462500.0 0.19900030929249635
462812.5 0.2118271746804945
463125.0 0.22548029691939142
463437.5 0.2400128313276939
463750.0 0.25548134367620934
464062.5 0.271946027782628
464375.0 0.28947093682653025
464687.5 0.30812422922828375
465000.0 0.327978429984237
465312.5 0.3491107084017342
465625.0 0.37160317323173375
465937.5 0.3955431862528669
466250.0 0.4210236954199864
466562.5 0.44814358875180593
466875.0 0.4770080701967383
467187.5 0.507729058782489
467500.0 0.5404256124253237
467812.5 0.5752243778462529
468125.0 0.6122600681166945
468437.5 0.6516759694329566
468750.0 0.6936244787978962
469062.5 0.7382676743702477
469375.0 0.7857779203242643
469687.5 0.8363385081472541
470000.0 0.8901443363885164
470312.5 0.9474026309584427
470625.0 1.0083337081635513
470937.5 1.0731717827477616
471250.0 1.142165823294663
471562.5 1.2155804574262108
471875.0 1.2936969293112388
472187.5 1.3768141120694
472500.0 1.4652495777226138
472812.5 1.5593407274030335
473125.0 1.6594459845747078
473437.5 1.7659460540599237
473750.0 1.879245249681023
474062.5 1.999772893328804
474375.0 2.1279847882477743
474687.5 2.264364769281284
475000.0 2.4094263327425436
475312.5 2.563714348464645
475625.0 2.7278068564298885
475937.5 2.90231695017779
476250.0 3.0878947489363218
476562.5 3.2852294601049947
476875.0 3.4950515333306575
477187.5 3.718134906949868
477500.0 3.955299347013548
477812.5 4.207412878449992
478125.0 4.475394307146894
478437.5 4.760215830829857
478750.0 5.062905735568375
479062.5 5.3845511735339935
479375.0 5.726301016253306
479687.5 6.0893687760215425
480000.0 6.475035586352957
480312.5 6.88465323032001
480625.0 7.319647203357153
480937.5 7.781519794553155
481250.0 8.27185316760923
481562.5 8.792312419478591
481875.0 9.344648591206866
482187.5 9.930701601644387
482500.0 10.55240307048827
482812.5 11.211778992520253
483125.0 11.91095221993349
483437.5 12.652144704285567
483750.0 13.437679443886612
484062.5 14.269982076349217
484375.0 15.151582049622776
484687.5 16.085113298154077
485000.0 17.07331434392405
485312.5 18.11902773509168
485625.0 19.225198727936736
485937.5 20.394873110870574
486250.0 21.631194062642738
486562.5 22.93739793070753
486875.0 24.31680881026647
487187.5 25.77283180003888
487500.0 27.30894480764768
487812.5 28.928688775994544
488125.0 30.635656202527294
488437.5 32.43347782630265
488750.0 34.325807363679424
489062.5 36.31630418282035
489375.0 38.40861382043442
489687.5 40.60634626184155
490000.0 42.91305192796233
490312.5 45.33219534064764
490625.0 47.86712647121853
490937.5 50.52104981642996
491250.0 53.29699129140821
491562.5 56.197763080364666
491875.0 59.225926642762744
492187.5 62.38375413455757
492500.0 65.67318857028829
492812.5 69.09580312100526
493125.0 72.65276001373638
493437.5 76.34476956855792
493750.0 80.17204997711119
494062.5 84.13428848905451
494375.0 88.23060472765381
494687.5 92.45951689950678
495000.0 96.81891169319823
495312.5 101.30601867449178
495625.0 105.91738997867596
495937.5 110.648886071495
496250.0 115.49566829685853
496562.5 120.45219885114696
496875.0 125.51224872022047
497187.5 130.66891398706204
497500.0 135.91464076733234
497812.5 141.24125886015904
498125.0 146.64002401653488
498437.5 152.10166853310778
498750.0 157.61645968111267
499062.5 163.174265285539
499375.0 168.76462558544776
499687.5 174.37683033971436
500000.0 180.0
500312.5 185.6231696602856
500625.0 191.23537441455227
500937.5 196.825734714461
501250.0 202.3835403188873
501562.5 207.89833146689224
501875.0 213.35997598346512
502187.5 218.75874113984096
502500.0 224.08535923266766
502812.5 229.33108601293796
503125.0 234.48775127977956
503437.5 239.54780114885304
503750.0 244.50433170314147
504062.5 249.35111392850501
504375.0 254.08261002132406
504687.5 258.6939813255082
505000.0 263.18108830680177
505312.5 267.54048310049325
505625.0 271.76939527234623
505937.5 275.8657115109455
506250.0 279.8279500228888
506562.5 283.6552304314421
506875.0 287.3472399862636
507187.5 290.9041968789947
507500.0 294.3268114297117
507812.5 297.6162458654424
508125.0 300.7740733572372
508437.5 303.80223691963533
508750.0 306.70300870859177
509062.5 309.47895018357
509375.0 312.1328735287815
509687.5 314.6678046593524
510000.0 317.08694807203767
510312.5 319.39365373815843
510625.0 321.5913861795656
510937.5 323.6836958171796
511250.0 325.6741926363206
511562.5 327.56652217369736
511875.0 329.3643437974727
512187.5 331.07131122400546
512500.0 332.69105519235234
512812.5 334.2271681999611
513125.0 335.6831911897335
513437.5 337.0626020692925
513750.0 338.36880593735725
514062.5 339.6051268891294
514375.0 340.7748012720633
514687.5 341.88097226490834
515000.0 342.92668565607596
515312.5 343.91488670184594
515625.0 344.8484179503772
515937.5 345.73001792365073
516250.0 346.5623205561134
516562.5 347.3478552957144
516875.0 348.08904778006655
517187.5 348.78822100747976
517500.0 349.44759692951175
517812.5 350.0692983983556
518125.0 350.65535140879314
518437.5 351.20768758052145
518750.0 351.7281468323908
519062.5 352.21848020544684
519375.0 352.68035279664286
519687.5 353.11534676968
520000.0 353.52496441364707
520312.5 353.91063122397844
520625.0 354.27369898374667
520937.5 354.615448826466
521250.0 354.9370942644316
521562.5 355.23978416917015
521875.0 355.5246056928531
522187.5 355.79258712155
522500.0 356.0447006529865
522812.5 356.28186509305016
523125.0 356.5049484666693
523437.5 356.71477053989497
523750.0 356.9121052510637
524062.5 357.09768304982225
524375.0 357.2721931435701
524687.5 357.4362856515354
525000.0 357.59057366725744
525312.5 357.7356352307187
525625.0 357.8720152117522
525937.5 358.0002271066712
526250.0 358.12075475031895
526562.5 358.23405394594005
526875.0 358.3405540154253
527187.5 358.440659272597
527500.0 358.5347504222774
527812.5 358.62318588793056
528125.0 358.70630307068876
528437.5 358.7844195425738
528750.0 358.85783417670535
529062.5 358.9268282172522
529375.0 358.99166629183645
529687.5 359.05259736904156
530000.0 359.1098556636115
530312.5 359.1636614918528
530625.0 359.2142220796757
530937.5 359.2617323256298
531250.0 359.3063755212021
531562.5 359.3483240305671
531875.0 359.3877399318833
532187.5 359.4247756221538
532500.0 359.45957438757466
532812.5 359.4922709412175
533125.0 359.52299192980325
533437.5 359.5518564112482
533750.0 359.57897630458
534062.5 359.6044568137471
534375.0 359.62839682676827
534687.5 359.6508892915983
535000.0 359.6720215700158
535312.5 359.69187577077173
535625.0 359.71052906317345
535937.5 359.72805397221737
536250.0 359.7445186563238
536562.5 359.7599871686723
536875.0 359.7745197030806
537187.5 359.7881728253195
537500.0 359.8009996907075
537812.5 359.81305024878185
538125.0 359.8243714357984
538437.5 359.8350073557714
538750.0 359.84499945072315
539062.5 359.85438666077687
539375.0 359.86320557468935
539687.5 359.8714905713864
540000.0 359.87927395303205
540312.5 359.8865860701307
540625.0 359.8934554391353
540937.5 359.8999088530041
541250.0 359.9059714851256
541562.5 359.91166698700465
541875.0 359.9170175800825
542187.5 359.92204414203775
542500.0 359.92676628790014
542812.5 359.93120244628403
543125.0 359.93536993103515
543437.5 359.9392850085639
543750.0 359.9429629611231
544062.5 359.9464181462738
544375.0 359.94966405276693
544687.5 359.95271335305654
545000.0 359.95557795264494
545312.5 359.9582690364529
545625.0 359.9607971123904
545937.5 359.9631720522987
546250.0 359.96540313042016
546562.5 359.96749905954584
546875.0 359.9694680249795
547187.5 359.97131771645
547500.0 359.9730553580962
547812.5 359.9746877366391
548125.0 359.9762212278523
548437.5 359.97766182143175
548750.0 359.979015144362
549062.5 359.9802864828704
549375.0 359.9814808030528
549687.5 359.9826027702526
550000.0 359.9836567672671
550312.5 359.9846469114532
550625.0 359.9855770707975
550937.5 359.98645087901485
551250.0 359.98727174973294
551562.5 359.98804288981876
551875.0 359.9887673118982
552187.5 359.98944784611854
552500.0 359.99008715119874
552812.5 359.9906877248107
553125.0 359.9912519133324
553437.5 359.99178192101056
553750.0 359.9922798185685
554062.5 359.99274755129295
554375.0 359.9931869466314
554687.5 359.99359972132925
555000.0 359.9939874881347
555312.5 359.994351762098
555625.0 359.9946939664892
555937.5 359.99501543835703
556250.0 359.99531743375206
556562.5 359.9956011326326
556875.0 359.99586764347424
557187.5 359.99611800759976
557500.0 359.9963532032469
557812.5 359.9965741493901
558125.0 359.99678170933026
558437.5 359.9969766940674
558750.0 359.9971598654689
559062.5 359.99733193924607
559375.0 359.99749358774994
559687.5 359.9976454425983
560000.0 359.9977880971432
560312.5 359.99792210878917
560625.0 359.9980480011708
560937.5 359.99816626619884
561250.0 359.99827736598183
561562.5 359.9983817346317
561875.0 359.9984797799599
562187.5 359.99857188507065
562500.0 359.9986584098577
562812.5 359.9987396924108
563125.0 359.9988160503364
563437.5 359.9988877819987
563750.0 359.9989551676853
564062.5 359.99901847070254
564375.0 359.9990779384041
564687.5 359.9991338031577
565000.0 359.99918628325275
565312.5 359.99923558375355
565625.0 359.99928189730025
565937.5 359.9993254048619
566250.0 359.9993662764432
566562.5 359.999404671749
566875.0 359.9994407408083
567187.5 359.99947462456043
567500.0 359.99950645540554
567812.5 359.9995363577224
568125.0 359.9995644483539
568437.5 359.99959083706415
568750.0 359.9996156269668
569062.5 359.99963891492825
569375.0 359.9996607919462
569687.5 359.9996813435051
570000.0 359.99970064991004
570312.5 359.99971878660097
570625.0 359.999735824447
570937.5 359.99975183002357
571250.0 359.99976686587263
571562.5 359.9997809907468
571875.0 359.99979425983906
572187.5 359.99980672499856
572500.0 359.999818434933
572812.5 359.99982943539914
573125.0 359.9998397693813
573437.5 359.99984947725966
573750.0 359.9998585969679
574062.5 359.9998671641414
574375.0 359.9998752122564
574687.5 359.9998827727611
575000.0 359.99988987519833
575312.5 359.9998965473209
575625.0 359.99990281520013
575937.5 359.999908703328
576250.0 359.99991423471243
576562.5 359.99991943096734
576875.0 359.99992431239724
577187.5 359.99992889807635
577500.0 359.99993320592336
577812.5 359.99993725277113
578125.0 359.99994105443295
578437.5 359.99994462576376
578750.0 359.9999479807186
579062.5 359.99995113240715
579375.0 359.99995409314454
579687.5 359.9999568745
580000.0 359.99995948734164
580312.5 359.9999619418793
580625.0 359.99996424770404
580937.5 359.9999664138259
581250.0 359.9999684487092
581562.5 359.9999703603051
581875.0 359.9999721560833
582187.5 359.99997384306084
582500.0 359.99997542782955
582812.5 359.999976916582
583125.0 359.9999783151355
583437.5 359.999979628955
583750.0 359.99998086317413
584062.5 359.9999820226157
584375.0 359.9999831118103
584687.5 359.99998413501396
585000.0 359.9999850962248
585312.5 359.9999859991989
585625.0 359.9999868474645
585937.5 359.99998764433633
586250.0 359.9999883929281
586562.5 359.99998909616505
586875.0 359.999989756795
587187.5 359.99999037739934
587500.0 359.99999096040324
587812.5 359.99999150808475
588125.0 359.99999202258385
588437.5 359.99999250591105
588750.0 359.99999295995497
589062.5 359.9999933864897
589375.0 359.99999378718206
589687.5 359.99999416359765
590000.0 359.99999451720737
590312.5 359.999994849393
590625.0 359.9999951614525
590937.5 359.99999545460525
591250.0 359.9999957299968
591562.5 359.9999959887032
591875.0 359.9999962317354
592187.5 359.999996460043
592500.0 359.9999966745182
592812.5 359.9999968759989
593125.0 359.99999706527257
593437.5 359.9999972430787
593750.0 359.99999741011214
594062.5 359.9999975670255
594375.0 359.99999771443197
594687.5 359.99999785290754
595000.0 359.99999798299325
595312.5 359.9999981051975
595625.0 359.99999821999785
595937.5 359.9999983278427
596250.0 359.9999984291536
596562.5 359.9999985243264
596875.0 359.9999986137329
597187.5 359.9999986977226
597500.0 359.99999877662356
597812.5 359.9999988507442
598125.0 359.9999989203741
598437.5 359.99999898578534
598750.0 359.9999990472335
599062.5 359.9999991049587
599375.0 359.9999991591865
599687.5 359.9999992101288
600000.0 359.99999925798465
600312.5 359.9999993029411
600625.0 359.9999993451738
600937.5 359.9999993848477
601250.0 359.9999994221179
601562.5 359.99999945713
601875.0 359.9999994900208
602187.5 359.9999995209189
602500.0 359.99999954994496
602812.5 359.9999995772124
603125.0 359.9999996028278
603437.5 359.9999996268913
603750.0 359.9999996494968
604062.5 359.99999967073273
604375.0 359.999999690682
604687.5 359.99999970942264
605000.0 359.9999997270278
605312.5 359.9999997435664
605625.0 359.9999997591029
605937.5 359.99999977369816
606250.0 359.9999997874091
606562.5 359.9999998002893
606875.0 359.99999981238915
607187.5 359.99999982375596
607500.0 359.999999834434
607812.5 359.99999984446515
608125.0 359.99999985388854
608437.5 359.999999862741
608750.0 359.99999987105707
609062.5 359.99999987886935
609375.0 359.9999998862083
609687.5 359.99999989310254
610000.0 359.9999998995791
610312.5 359.99999990566334
610625.0 359.9999999113789
610937.5 359.9999999167482
611250.0 359.99999992179215
611562.5 359.9999999265305
611875.0 359.99999993098186
612187.5 359.99999993516343
612500.0 359.9999999390917
612812.5 359.9999999427819
613125.0 359.9999999462486
613437.5 359.99999994950525
613750.0 359.99999995256456
614062.5 359.9999999554385
614375.0 359.99999995813835
614687.5 359.99999996067464
615000.0 359.99999996305723
615312.5 359.9999999652955
615625.0 359.99999996739814
615937.5 359.9999999693734
616250.0 359.99999997122893
616562.5 359.9999999729721
616875.0 359.99999997460964
617187.5 359.99999997614793
617500.0 359.99999997759306
617812.5 359.99999997895065
618125.0 359.999999980226
618437.5 359.999999981424
618750.0 359.99999998254947
619062.5 359.99999998360676
619375.0 359.9999999846
619687.5 359.999999985533
620000.0 359.99999998640953
620312.5 359.9999999872329
620625.0 359.99999998800644
620937.5 359.99999998873307
621250.0 359.99999998941576
621562.5 359.999999990057
621875.0 359.9999999906594
622187.5 359.99999999122537
622500.0 359.99999999175697
622812.5 359.99999999225633
623125.0 359.9999999927255
623437.5 359.9999999931663
623750.0 359.99999999358033
624062.5 359.99999999396925
624375.0 359.99999999433464
624687.5 359.9999999946779
625000.0 359.99999999500034
625312.5 359.99999999530326
625625.0 359.9999999955878
625937.5 359.99999999585515
626250.0 359.9999999961062
626562.5 359.9999999963422
626875.0 359.9999999965638
627187.5 359.999999996772
627500.0 359.9999999969675
627812.5 359.9999999971513
628125.0 359.9999999973239
628437.5 359.999999997486
628750.0 359.9999999976383
629062.5 359.9999999977814
629375.0 359.99999999791584
629687.5 359.99999999804214
630000.0 359.9999999981608
630312.5 359.9999999982722
630625.0 359.99999999837684
630937.5 359.99999999847523
631250.0 359.99999999856755
631562.5 359.99999999865435
631875.0 359.9999999987359
632187.5 359.9999999988125
632500.0 359.9999999988844
632812.5 359.99999999895203
633125.0 359.99999999901553
633437.5 359.99999999907516
633750.0 359.99999999913115
634062.5 359.99999999918384
634375.0 359.99999999923324
634687.5 359.99999999927974
635000.0 359.99999999932334
635312.5 359.9999999993644
635625.0 359.99999999940286
635937.5 359.99999999943907
636250.0 359.99999999947306
636562.5 359.99999999950495
636875.0 359.9999999995349
637187.5 359.99999999956316
637500.0 359.9999999995896
637812.5 359.9999999996145
638125.0 359.9999999996378
638437.5 359.9999999996598
638750.0 359.99999999968037
639062.5 359.99999999969975
639375.0 359.99999999971794
639687.5 359.999999999735
640000.0 359.9999999997511
640312.5 359.9999999997662
640625.0 359.99999999978036
640937.5 359.99999999979366
641250.0 359.99999999980616
641562.5 359.99999999981793
641875.0 359.99999999982896
642187.5 359.9999999998393
642500.0 359.999999999849
642812.5 359.9999999998582
643125.0 359.99999999986676
643437.5 359.99999999987483
643750.0 359.9999999998824
644062.5 359.99999999988955
644375.0 359.99999999989626
644687.5 359.9999999999025
645000.0 359.9999999999084
645312.5 359.999999999914
645625.0 359.99999999991917
645937.5 359.99999999992406
646250.0 359.9999999999287
646562.5 359.99999999993304
646875.0 359.9999999999371
647187.5 359.9999999999408
647500.0 359.99999999994446
647812.5 359.9999999999478
648125.0 359.999999999951
648437.5 359.99999999995396
648750.0 359.99999999995674
649062.5 359.9999999999594
649375.0 359.99999999996186
649687.5 359.99999999996413
650000.0 359.9999999999663
650312.5 359.99999999996834
650625.0 359.99999999997027
650937.5 359.9999999999721
651250.0 359.9999999999738
651562.5 359.9999999999754
651875.0 359.9999999999768
652187.5 359.9999999999783
652500.0 359.9999999999796
652812.5 359.9999999999808
653125.0 359.999999999982
653437.5 359.99999999998306
653750.0 359.9999999999841
654062.5 359.99999999998505
654375.0 359.9999999999859
654687.5 359.9999999999868
655000.0 359.9999999999876
655312.5 359.99999999998835
655625.0 359.99999999998903
655937.5 359.9999999999897
656250.0 359.99999999999034
656562.5 359.9999999999909
656875.0 359.9999999999915
657187.5 359.999999999992
657500.0 359.9999999999925
657812.5 359.99999999999295
658125.0 359.99999999999335
658437.5 359.99999999999375
658750.0 359.99999999999415
659062.5 359.9999999999945
659375.0 359.9999999999948
659687.5 359.9999999999951
660000.0 359.99999999999545
660312.5 359.99999999999574
660625.0 359.999999999996
660937.5 359.99999999999625
661250.0 359.9999999999964
661562.5 359.99999999999665
661875.0 359.9999999999969
662187.5 359.99999999999704
662500.0 359.9999999999972
662812.5 359.9999999999974
663125.0 359.99999999999756
663437.5 359.99999999999767
663750.0 359.99999999999784
664062.5 359.999999999998
664375.0 359.99999999999807
664687.5 359.99999999999824
665000.0 359.9999999999983
665312.5 359.9999999999984
665625.0 359.9999999999985
665937.5 359.9999999999986
666250.0 359.99999999999875
666562.5 359.9999999999988
666875.0 359.99999999999886
667187.5 359.9999999999989
667500.0 359.999999999999
667812.5 359.99999999999903
668125.0 359.99999999999915
668437.5 359.99999999999915
668750.0 359.9999999999992
669062.5 359.99999999999926
669375.0 359.99999999999926
669687.5 359.9999999999994
670000.0 359.9999999999994
670312.5 359.99999999999943
670625.0 359.99999999999943
670937.5 359.9999999999995
671250.0 359.99999999999955
671562.5 359.99999999999955
671875.0 359.9999999999996
672187.5 359.9999999999996
672500.0 359.9999999999996
672812.5 359.99999999999966
673125.0 359.99999999999966
673437.5 359.99999999999966
673750.0 359.99999999999966
674062.5 359.9999999999997
674375.0 359.9999999999998
674687.5 359.9999999999998
675000.0 359.9999999999998
675312.5 359.9999999999998
675625.0 359.9999999999998
675937.5 359.99999999999983
676250.0 359.99999999999983
676562.5 359.99999999999983
676875.0 359.99999999999983
677187.5 359.99999999999983
677500.0 359.99999999999983
677812.5 359.9999999999999
678125.0 359.9999999999999
678437.5 359.9999999999999
678750.0 359.99999999999994
679062.5 359.99999999999994
679375.0 359.99999999999994
679687.5 359.99999999999994
680000.0 359.99999999999994
680312.5 359.99999999999994
680625.0 359.99999999999994
680937.5 359.99999999999994
681250.0 359.99999999999994
681562.5 359.99999999999994
681875.0 359.99999999999994
682187.5 359.99999999999994
682500.0 359.99999999999994
682812.5 359.99999999999994
683125.0 359.99999999999994
683437.5 359.99999999999994
683750.0 359.99999999999994
684062.5 359.99999999999994
684375.0 359.99999999999994
684687.5 359.99999999999994
685000.0 359.99999999999994
685312.5 360.0
685625.0 360.0
685937.5 360.0
686250.0 360.0
686562.5 360.0
686875.0 360.0
687187.5 360.0
687500.0 360.0
687812.5 360.0
688125.0 360.0
688437.5 360.0
688750.0 360.0
689062.5 360.0
689375.0 360.0
689687.5 360.0
690000.0 360.0
690312.5 360.0
690625.0 360.0
690937.5 360.0
691250.0 360.0
691562.5 360.0
691875.0 360.0
692187.5 360.0
692500.0 360.0
692812.5 360.0
693125.0 360.0
693437.5 360.0
693750.0 360.0
694062.5 360.0
694375.0 360.0
694687.5 360.0
695000.0 360.0
695312.5 360.0
695625.0 360.0
695937.5 360.0
696250.0 360.0
696562.5 360.0
696875.0 360.0
697187.5 360.0
697500.0 360.0
697812.5 360.0
698125.0 360.0
698437.5 360.0
698750.0 360.0
699062.5 360.0
699375.0 360.0
699687.5 360.0
700000.0 360.0
