# POINTS: 2241
0.0 0.0
312.5 0.0
625.0 0.0
937.5 0.0
1250.0 0.0
1562.5 0.0
1875.0 0.0
2187.5 0.0
2500.0 0.0
2812.5 0.0
3125.0 0.0
3437.5 0.0
3750.0 0.0
4062.5 0.0
4375.0 0.0
4687.5 0.0
5000.0 0.0
5312.5 0.0
5625.0 0.0
5937.5 0.0
6250.0 0.0
6562.5 0.0
6875.0 0.0
7187.5 0.0
7500.0 0.0
7812.5 0.0
8125.0 0.0
8437.5 0.0
8750.0 0.0
9062.5 0.0
9375.0 0.0
9687.5 0.0
10000.0 0.0
10312.5 0.0
10625.0 0.0
10937.5 0.0
11250.0 0.0
11562.5 0.0
11875.0 0.0
12187.5 0.0
12500.0 0.0
12812.5 0.0
13125.0 0.0
13437.5 0.0
13750.0 0.0
14062.5 0.0
14375.0 0.0
14687.5 0.0
15000.0 0.0
15312.5 0.0
15625.0 0.0
15937.5 0.0
16250.0 0.0
16562.5 0.0
16875.0 0.0
17187.5 0.0
17500.0 0.0
17812.5 0.0
18125.0 0.0
18437.5 0.0
18750.0 0.0
19062.5 0.0
19375.0 0.0
19687.5 0.0
20000.0 0.0
20312.5 0.0
20625.0 0.0
20937.5 0.0
21250.0 0.0
21562.5 0.0
21875.0 0.0
22187.5 0.0
22500.0 0.0
22812.5 0.0
23125.0 0.0
23437.5 0.0
23750.0 0.0
24062.5 0.0
24375.0 0.0
24687.5 0.0
25000.0 0.0
25312.5 0.0
25625.0 0.0
25937.5 0.0
26250.0 0.0
26562.5 0.0
26875.0 0.0
27187.5 0.0
27500.0 0.0
27812.5 0.0
28125.0 0.0
28437.5 0.0
28750.0 0.0
29062.5 0.0
29375.0 0.0
29687.5 0.0
30000.0 0.0
30312.5 0.0
30625.0 0.0
30937.5 0.0
31250.0 0.0
31562.5 0.0
31875.0 0.0
32187.5 0.0
32500.0 0.0
32812.5 0.0
33125.0 0.0
33437.5 0.0
33750.0 0.0
34062.5 0.0
34375.0 0.0
34687.5 0.0
35000.0 0.0
35312.5 0.0
35625.0 0.0
35937.5 0.0
36250.0 0.0
36562.5 0.0
36875.0 0.0
37187.5 0.0
37500.0 0.0
37812.5 0.0
38125.0 0.0
38437.5 0.0
38750.0 0.0
39062.5 0.0
39375.0 0.0
39687.5 0.0
40000.0 0.0
40312.5 0.0
40625.0 0.0
40937.5 0.0
41250.0 0.0
41562.5 0.0
41875.0 0.0
42187.5 0.0
42500.0 0.0
42812.5 0.0
43125.0 0.0
43437.5 0.0
43750.0 0.0
44062.5 0.0
44375.0 0.0
44687.5 0.0
45000.0 0.0
45312.5 0.0
45625.0 0.0
45937.5 0.0
46250.0 0.0
46562.5 0.0
46875.0 0.0
47187.5 0.0
47500.0 0.0
47812.5 0.0
48125.0 0.0
48437.5 0.0
48750.0 0.0
49062.5 0.0
49375.0 0.0
49687.5 0.0
50000.0 0.0
50312.5 0.0
50625.0 0.0
50937.5 0.0
51250.0 0.0
51562.5 0.0
51875.0 0.0
52187.5 0.0
52500.0 0.0
52812.5 0.0
53125.0 0.0
53437.5 0.0
53750.0 0.0
54062.5 0.0
54375.0 0.0
54687.5 0.0
55000.0 0.0
55312.5 0.0
55625.0 0.0
55937.5 0.0
56250.0 0.0
56562.5 0.0
56875.0 0.0
57187.5 0.0
57500.0 0.0
57812.5 0.0
58125.0 0.0
58437.5 0.0
58750.0 0.0
59062.5 0.0
59375.0 0.0
59687.5 0.0
60000.0 0.0
60312.5 0.0
60625.0 0.0
60937.5 0.0
61250.0 0.0
61562.5 0.0
61875.0 0.0
62187.5 0.0
62500.0 0.0
62812.5 0.0
63125.0 0.0
63437.5 0.0
63750.0 0.0
64062.5 0.0
64375.0 0.0
64687.5 0.0
65000.0 0.0
65312.5 0.0
65625.0 0.0
65937.5 0.0
66250.0 0.0
66562.5 0.0
66875.0 0.0
67187.5 0.0
67500.0 0.0
67812.5 0.0
68125.0 0.0
68437.5 0.0
68750.0 0.0
69062.5 0.0
69375.0 0.0
69687.5 0.0
70000.0 0.0
70312.5 0.0
70625.0 0.0
70937.5 0.0
71250.0 0.0
71562.5 0.0
71875.0 0.0
72187.5 0.0
72500.0 0.0
72812.5 0.0
73125.0 0.0
73437.5 0.0
73750.0 0.0
74062.5 0.0
74375.0 0.0
74687.5 0.0
75000.0 0.0
75312.5 0.0
75625.0 0.0
75937.5 0.0
76250.0 0.0
76562.5 0.0
76875.0 0.0
77187.5 0.0
77500.0 0.0
77812.5 0.0
78125.0 0.0
78437.5 0.0
78750.0 0.0
79062.5 0.0
79375.0 0.0
79687.5 0.0
80000.0 0.0
80312.5 0.0
80625.0 0.0
80937.5 0.0
81250.0 0.0
81562.5 0.0
81875.0 0.0
82187.5 0.0
82500.0 0.0
82812.5 0.0
83125.0 0.0
83437.5 0.0
83750.0 0.0
84062.5 0.0
84375.0 0.0
84687.5 0.0
85000.0 0.0
85312.5 0.0
85625.0 0.0
85937.5 0.0
86250.0 0.0
86562.5 0.0
86875.0 0.0
87187.5 0.0
87500.0 0.0
87812.5 0.0
88125.0 0.0
88437.5 0.0
88750.0 0.0
89062.5 0.0
89375.0 0.0
89687.5 0.0
90000.0 0.0
90312.5 0.0
90625.0 0.0
90937.5 0.0
91250.0 0.0
91562.5 0.0
91875.0 0.0
92187.5 0.0
92500.0 0.0
92812.5 0.0
93125.0 0.0
93437.5 0.0
93750.0 0.0
94062.5 0.0
94375.0 0.0
94687.5 0.0
95000.0 0.0
95312.5 0.0
95625.0 0.0
95937.5 0.0
96250.0 0.0
96562.5 0.0
96875.0 0.0
97187.5 0.0
97500.0 0.0
97812.5 0.0
98125.0 0.0
98437.5 0.0
98750.0 0.0
99062.5 0.0
99375.0 0.0
99687.5 0.0
100000.0 0.0
100312.5 0.0
100625.0 0.0
100937.5 0.0
101250.0 0.0
101562.5 0.0
101875.0 0.0
102187.5 0.0
102500.0 0.0
102812.5 0.0
103125.0 0.0
103437.5 0.0
103750.0 0.0
104062.5 0.0
104375.0 0.0
104687.5 0.0
105000.0 0.0
105312.5 0.0
105625.0 0.0
105937.5 0.0
106250.0 0.0
106562.5 0.0
106875.0 0.0
107187.5 0.0
107500.0 0.0
107812.5 0.0
108125.0 0.0
108437.5 0.0
108750.0 0.0
109062.5 0.0
109375.0 0.0
109687.5 0.0
110000.0 0.0
110312.5 0.0
110625.0 0.0
110937.5 0.0
111250.0 0.0
111562.5 0.0
111875.0 0.0
112187.5 0.0
112500.0 0.0
112812.5 0.0
113125.0 0.0
113437.5 0.0
113750.0 0.0
114062.5 0.0
114375.0 0.0
114687.5 0.0
115000.0 0.0
115312.5 0.0
115625.0 0.0
115937.5 0.0
116250.0 0.0
116562.5 0.0
116875.0 0.0
117187.5 0.0
117500.0 0.0
117812.5 0.0
118125.0 0.0
118437.5 0.0
118750.0 0.0
119062.5 0.0
119375.0 0.0
119687.5 0.0
120000.0 0.0
120312.5 0.0
120625.0 0.0
120937.5 0.0
121250.0 0.0
121562.5 0.0
121875.0 0.0
122187.5 0.0
122500.0 0.0
122812.5 0.0
123125.0 0.0
123437.5 0.0
123750.0 0.0
124062.5 0.0
124375.0 0.0
124687.5 0.0
125000.0 0.0
125312.5 0.0
125625.0 0.0
125937.5 0.0
126250.0 0.0
126562.5 0.0
126875.0 0.0
127187.5 0.0
127500.0 0.0
127812.5 0.0
128125.0 0.0
128437.5 0.0
128750.0 0.0
129062.5 0.0
129375.0 0.0
129687.5 0.0
130000.0 0.0
130312.5 0.0
130625.0 0.0
130937.5 0.0
131250.0 0.0
131562.5 0.0
131875.0 0.0
132187.5 0.0
132500.0 0.0
132812.5 0.0
133125.0 0.0
133437.5 0.0
133750.0 0.0
134062.5 0.0
134375.0 0.0
134687.5 0.0
135000.0 0.0
135312.5 0.0
135625.0 0.0
135937.5 0.0
136250.0 0.0
136562.5 0.0
136875.0 0.0
137187.5 0.0
137500.0 0.0
137812.5 0.0
138125.0 0.0
138437.5 0.0
138750.0 0.0
139062.5 0.0
139375.0 0.0
139687.5 0.0
140000.0 0.0
140312.5 0.0
140625.0 0.0
140937.5 0.0
141250.0 0.0
141562.5 0.0
141875.0 0.0
142187.5 0.0
142500.0 0.0
142812.5 0.0
143125.0 0.0
143437.5 0.0
143750.0 0.0
144062.5 0.0
144375.0 0.0
144687.5 0.0
145000.0 0.0
145312.5 0.0
145625.0 0.0
145937.5 0.0
146250.0 0.0
146562.5 0.0
146875.0 0.0
147187.5 0.0
147500.0 0.0
147812.5 0.0
148125.0 0.0
148437.5 0.0
148750.0 0.0
149062.5 0.0
149375.0 0.0
149687.5 0.0
150000.0 0.0
150312.5 0.0
150625.0 0.0
150937.5 0.0
151250.0 0.0
151562.5 0.0
151875.0 0.0
152187.5 0.0
152500.0 0.0
152812.5 0.0
153125.0 0.0
153437.5 0.0
153750.0 0.0
154062.5 0.0
154375.0 0.0
154687.5 0.0
155000.0 0.0
155312.5 0.0
155625.0 0.0
155937.5 0.0
156250.0 0.0
156562.5 0.0
156875.0 0.0
157187.5 0.0
157500.0 0.0
157812.5 0.0
158125.0 0.0
158437.5 0.0
158750.0 0.0
159062.5 0.0
159375.0 0.0
159687.5 0.0
160000.0 0.0
160312.5 0.0
160625.0 0.0
160937.5 0.0
161250.0 0.0
161562.5 0.0
161875.0 0.0
162187.5 0.0
162500.0 0.0
162812.5 0.0
163125.0 0.0
163437.5 0.0
163750.0 0.0
164062.5 0.0
164375.0 0.0
164687.5 0.0
165000.0 0.0
165312.5 0.0
165625.0 0.0
165937.5 0.0
166250.0 0.0
166562.5 0.0
166875.0 0.0
167187.5 0.0
167500.0 0.0
167812.5 0.0
168125.0 0.0
168437.5 0.0
168750.0 0.0
169062.5 0.0
169375.0 0.0
169687.5 0.0
170000.0 0.0
170312.5 0.0
170625.0 0.0
170937.5 0.0
171250.0 0.0
171562.5 0.0
171875.0 0.0
172187.5 0.0
172500.0 0.0
172812.5 0.0
173125.0 0.0
173437.5 0.0
173750.0 0.0
174062.5 0.0
174375.0 0.0
174687.5 0.0
175000.0 0.0
175312.5 0.0
175625.0 0.0
175937.5 0.0
176250.0 0.0
176562.5 0.0
176875.0 0.0
177187.5 0.0
177500.0 0.0
177812.5 0.0
178125.0 0.0
178437.5 0.0
178750.0 0.0
179062.5 0.0
179375.0 0.0
179687.5 0.0
180000.0 0.0
180312.5 0.0
180625.0 0.0
180937.5 0.0
181250.0 0.0
181562.5 0.0
181875.0 0.0
182187.5 0.0
182500.0 0.0
182812.5 0.0
183125.0 0.0
183437.5 0.0
183750.0 0.0
184062.5 0.0
184375.0 0.0
184687.5 0.0
185000.0 0.0
185312.5 0.0
185625.0 0.0
185937.5 0.0
186250.0 0.0
186562.5 0.0
186875.0 0.0
187187.5 0.0
187500.0 0.0
187812.5 0.0
188125.0 0.0
188437.5 0.0
188750.0 0.0
189062.5 0.0
189375.0 0.0
189687.5 0.0
190000.0 0.0
190312.5 0.0
190625.0 0.0
190937.5 0.0
191250.0 0.0
191562.5 0.0
191875.0 0.0
192187.5 0.0
192500.0 0.0
192812.5 0.0
193125.0 0.0
193437.5 0.0
193750.0 0.0
194062.5 0.0
194375.0 0.0
194687.5 0.0
195000.0 0.0
195312.5 0.0
195625.0 0.0
195937.5 0.0
196250.0 0.0
196562.5 0.0
196875.0 0.0
197187.5 0.0
197500.0 0.0
197812.5 0.0
198125.0 0.0
198437.5 0.0
198750.0 0.0
199062.5 0.0
199375.0 0.0
199687.5 0.0
200000.0 0.0
200312.5 0.0
200625.0 0.0
200937.5 0.0
201250.0 0.0
201562.5 0.0
201875.0 0.0
202187.5 0.0
202500.0 0.0
202812.5 0.0
203125.0 0.0
203437.5 0.0
203750.0 0.0
204062.5 0.0
204375.0 0.0
204687.5 0.0
205000.0 0.0
205312.5 0.0
205625.0 0.0
205937.5 0.0
206250.0 0.0
206562.5 0.0
206875.0 0.0
207187.5 0.0
207500.0 0.0
207812.5 0.0
208125.0 0.0
208437.5 0.0
208750.0 0.0
209062.5 0.0
209375.0 0.0
209687.5 1.9984014443252818e-14
210000.0 1.9984014443252818e-14
210312.5 1.9984014443252818e-14
210625.0 1.9984014443252818e-14
210937.5 1.9984014443252818e-14
211250.0 1.9984014443252818e-14
211562.5 1.9984014443252818e-14
211875.0 1.9984014443252818e-14
212187.5 1.9984014443252818e-14
212500.0 1.9984014443252818e-14
212812.5 1.9984014443252818e-14
213125.0 1.9984014443252818e-14
213437.5 1.9984014443252818e-14
213750.0 1.9984014443252818e-14
214062.5 1.9984014443252818e-14
214375.0 1.9984014443252818e-14
214687.5 1.9984014443252818e-14
215000.0 3.9968028886505635e-14
215312.5 3.9968028886505635e-14
215625.0 3.9968028886505635e-14
215937.5 3.9968028886505635e-14
216250.0 3.9968028886505635e-14
216562.5 3.9968028886505635e-14
216875.0 3.9968028886505635e-14
217187.5 3.9968028886505635e-14
217500.0 5.995204332975845e-14
217812.5 5.995204332975845e-14
218125.0 5.995204332975845e-14
218437.5 5.995204332975845e-14
218750.0 5.995204332975845e-14
219062.5 5.995204332975845e-14
219375.0 7.993605777301127e-14
219687.5 7.993605777301127e-14
220000.0 7.993605777301127e-14
220312.5 7.993605777301127e-14
220625.0 9.992007221626409e-14
220937.5 9.992007221626409e-14
221250.0 9.992007221626409e-14
221562.5 1.199040866595169e-13
221875.0 1.199040866595169e-13
222187.5 1.199040866595169e-13
222500.0 1.3988810110276972e-13
222812.5 1.3988810110276972e-13
223125.0 1.5987211554602254e-13
223437.5 1.5987211554602254e-13
223750.0 1.7985612998927536e-13
224062.5 1.7985612998927536e-13
224375.0 1.9984014443252818e-13
224687.5 2.19824158875781e-13
225000.0 2.19824158875781e-13
225312.5 2.398081733190338e-13
225625.0 2.5979218776228663e-13
225937.5 2.7977620220553945e-13
226250.0 2.9976021664879227e-13
226562.5 3.197442310920451e-13
226875.0 3.397282455352979e-13
227187.5 3.597122599785507e-13
227500.0 3.7969627442180354e-13
227812.5 3.9968028886505635e-13
228125.0 4.1966430330830917e-13
228437.5 4.596323321948148e-13
228750.0 4.796163466380676e-13
229062.5 5.195843755245733e-13
229375.0 5.395683899678261e-13
229687.5 5.795364188543317e-13
230000.0 6.195044477408373e-13
230312.5 6.59472476627343e-13
230625.0 6.994405055138486e-13
230937.5 7.394085344003543e-13
231250.0 7.993605777301127e-13
231562.5 8.393286066166183e-13
231875.0 8.992806499463768e-13
232187.5 9.592326932761353e-13
232500.0 1.0191847366058937e-12
232812.5 1.0791367799356522e-12
233125.0 1.1590728377086634e-12
233437.5 1.2190248810384219e-12
233750.0 1.2989609388114332e-12
234062.5 1.3988810110276972e-12
234375.0 1.4788170688007085e-12
234687.5 1.5787371410169726e-12
235000.0 1.6786572132332367e-12
235312.5 1.7785772854495008e-12
235625.0 1.8984813721090177e-12
235937.5 2.0183854587685346e-12
236250.0 2.1582735598713043e-12
236562.5 2.298161660974074e-12
236875.0 2.4380497620768438e-12
237187.5 2.5979218776228663e-12
237500.0 2.757793993168889e-12
237812.5 2.9376501231581642e-12
238125.0 3.1374902675906924e-12
238437.5 3.3373304120232206e-12
238750.0 3.5571545708990016e-12
239062.5 3.7769787297747826e-12
239375.0 4.016786903093816e-12
239687.5 4.276579090856103e-12
240000.0 4.5563552930616424e-12
240312.5 4.856115509710435e-12
240625.0 5.17585974080248e-12
240937.5 5.495603971894525e-12
241250.0 5.8553162318730756e-12
241562.5 6.235012506294879e-12
241875.0 6.6346927951599355e-12
242187.5 7.054357098468245e-12
242500.0 7.51398943066306e-12
242812.5 7.993605777301127e-12
243125.0 8.5131901528257e-12
243437.5 9.07274255723678e-12
243750.0 9.652278976091111e-12
244062.5 1.0271783423831948e-11
244375.0 1.0931255900459291e-11
244687.5 1.1650680420416393e-11
245000.0 1.2390088954816747e-11
245312.5 1.318944953254686e-11
245625.0 1.4048762153606731e-11
245937.5 1.4948042803553108e-11
246250.0 1.5907275496829243e-11
246562.5 1.694644424787839e-11
246875.0 1.802558102781404e-11
247187.5 1.9184653865522705e-11
247500.0 2.042366276100438e-11
247812.5 2.1742607714259066e-11
248125.0 2.3161472739730016e-11
248437.5 2.4640289808530724e-11
248750.0 2.623901096399095e-11
249062.5 2.793765219166744e-11
249375.0 2.973621349156019e-11
249687.5 3.1654678878112463e-11
250000.0 3.369304835132425e-11
250312.5 3.5851321911195555e-11
250625.0 3.816946758661288e-11
250937.5 4.062750136313298e-11
251250.0 4.326539126964235e-11
251562.5 4.604316927725449e-11
251875.0 4.902078742929916e-11
252187.5 5.217826171133311e-11
252500.0 5.553557613779958e-11
252812.5 5.913269873758509e-11
253125.0 6.292966148180312e-11
253437.5 6.698641641378345e-11
253750.0 7.132294754796931e-11
254062.5 7.591927086991745e-11
254375.0 8.08153544085144e-11
254687.5 8.603118217820338e-11
255000.0 9.156675417898441e-11
255312.5 9.748202245418724e-11
255625.0 1.0375700298936863e-10
255937.5 1.1045164782785832e-10
256250.0 1.1758594098409958e-10
256562.5 1.251598824580924e-10
256875.0 1.3323342429316654e-10
257187.5 1.4182655050376525e-10
257500.0 1.5097922911877504e-10
257812.5 1.6071144415263916e-10
258125.0 1.7108314764868737e-10
258437.5 1.8211432362136293e-10
258750.0 1.9386492411399558e-10
259062.5 2.063549331410286e-10
259375.0 2.1966428676023497e-10
259687.5 2.338329530005012e-10
260000.0 2.489208839051571e-10
260312.5 2.649680475030891e-10
260625.0 2.8205437985207027e-10
260937.5 3.002598170098736e-10
261250.0 3.1962432700538557e-10
261562.5 3.402278458963792e-10
261875.0 3.621702937550708e-10
262187.5 3.8553160663923336e-10
262500.0 4.1039172060663986e-10
262812.5 4.3687053974394985e-10
263125.0 4.650480001089363e-10
263437.5 4.950240217738155e-10
263750.0 5.269584768541336e-10
264062.5 5.609512854221066e-10
264375.0 5.971223515643942e-10
264687.5 6.356315473965424e-10
265000.0 6.766387450340972e-10
265312.5 7.202638485637181e-10
265625.0 7.667266821442809e-10
265937.5 8.161671338768883e-10
266250.0 8.688050279204163e-10
266562.5 9.248402044192972e-10
266875.0 9.844924875324068e-10
267187.5 1.047981701418621e-09
267500.0 1.115567638265702e-09
267812.5 1.1875300742758554e-09
268125.0 1.2641088176224002e-09
268437.5 1.3456435965508717e-09
268750.0 1.4324341712779187e-09
269062.5 1.5248002860346332e-09
269375.0 1.6231616051243236e-09
269687.5 1.7278378727780819e-09
270000.0 1.8392687373136596e-09
270312.5 1.9578938470488083e-09
270625.0 2.084172834315723e-09
270937.5 2.2185853154610413e-09
271250.0 2.3616708588747315e-09
271562.5 2.5139890169612045e-09
271875.0 2.6761193261393146e-09
272187.5 2.848721258885689e-09
272500.0 3.0324542876769556e-09
272812.5 3.2280178530186276e-09
273125.0 3.4362113154884355e-09
273437.5 3.6578340356641093e-09
273750.0 3.893745326166709e-09
274062.5 4.144864451660624e-09
274375.0 4.412190612868017e-09
274687.5 4.6967429945254935e-09
275000.0 4.99966068545632e-09
275312.5 5.322102758498204e-09
275625.0 5.665348190575514e-09
275937.5 6.030735910655949e-09
276250.0 6.4196847837649784e-09
276562.5 6.8337335790147336e-09
276875.0 7.274461033546231e-09
277187.5 7.743625740630478e-09
277500.0 8.243046245581809e-09
277812.5 8.774680981815663e-09
278125.0 9.340588302819697e-09
278437.5 9.943006418211553e-09
278750.0 1.0584273457681093e-08
279062.5 1.1266907407048166e-08
279375.0 1.1993566140233725e-08
279687.5 1.2767087387288711e-08
280000.0 1.3590488734394057e-08
280312.5 1.4466987607875126e-08
280625.0 1.54000412422306e-08
280937.5 1.6393246760060265e-08
281250.0 1.7450521028195e-08
281562.5 1.857598075361011e-08
281875.0 1.977404240349756e-08
282187.5 2.1049362253222625e-08
282500.0 2.2406916322381676e-08
282812.5 2.385204034283106e-08
283125.0 2.5390369806643776e-08
283437.5 2.7027899918152798e-08
283750.0 2.8771065530008855e-08
284062.5 3.0626621239093765e-08
284375.0 3.260188119469376e-08
284687.5 3.470451925835505e-08
285000.0 3.694276884402825e-08
285312.5 3.932536296602507e-08
285625.0 4.18616341590905e-08
285937.5 4.4561474510373955e-08
286250.0 4.7435455563515916e-08
286562.5 5.04947683666046e-08
286875.0 5.375140332830597e-08
287187.5 5.721807028180592e-08
287500.0 6.090831838889699e-08
287812.5 6.48365761080072e-08
288125.0 6.901817117821452e-08
288437.5 7.346947050734798e-08
288750.0 7.820784020395877e-08
289062.5 8.325180544943578e-08
289375.0 8.86210904660345e-08
289687.5 9.433665848490591e-08
290000.0 1.0042085163419756e-07
290312.5 1.0689743090708248e-07
290625.0 1.1379173603387471e-07
290937.5 1.2113066549801488e-07
291250.0 1.2894291634424349e-07
291562.5 1.3725902414662983e-07
291875.0 1.4611148291265863e-07
292187.5 1.5553486498731672e-07
292500.0 1.6556600090922302e-07
292812.5 1.7624407933070074e-07
293125.0 1.8761084685792184e-07
293437.5 1.9971070797097923e-07
293750.0 2.1259094484804564e-07
294062.5 2.2630187723748918e-07
294375.0 2.4089710226604666e-07
294687.5 2.564336343269247e-07
295000.0 2.7297218485600183e-07
295312.5 2.9057736217197316e-07
295625.0 3.0931799122058123e-07
295937.5 3.292672934307461e-07
296250.0 3.505032064587965e-07
296562.5 3.7310872391671523e-07
296875.0 3.9717217514834147e-07
297187.5 4.227875849416307e-07
297500.0 4.500550332409148e-07
297812.5 4.790810947952195e-07
298125.0 5.09979158902496e-07
298437.5 5.428699889620248e-07
298750.0 5.778821021706904e-07
299062.5 6.151522891073569e-07
299375.0 6.548262132533011e-07
299687.5 6.970588706245451e-07
300000.0 7.420153091963755e-07
300312.5 7.898711684717341e-07
300625.0 8.408134988258098e-07
300937.5 8.950413010744285e-07
301250.0 9.527665056907608e-07
301562.5 1.0142146722458278e-06
301875.0 1.0796258886891508e-06
302187.5 1.1492557905334877e-06
302500.0 1.2233764201674546e-06
302812.5 1.3022774059123776e-06
303125.0 1.3862670811271016e-06
303437.5 1.4756736232968137e-06
303750.0 1.5708464129460253e-06
304062.5 1.672157292631482e-06
304375.0 1.7800021656633191e-06
304687.5 1.894802454938116e-06
305000.0 2.0170067016600512e-06
305312.5 2.1470924638222755e-06
305625.0 2.2855680348321528e-06
305937.5 2.4329745018647486e-06
306250.0 2.589887864168361e-06
306562.5 2.756921291258152e-06
306875.0 2.934727441061824e-06
307187.5 3.1240010978095256e-06
307500.0 3.325481849891787e-06
307812.5 3.5399570075256293e-06
308125.0 3.76826460035673e-06
308437.5 4.011296794725894e-06
308750.0 4.2700032110154496e-06
309062.5 4.545394740596009e-06
309375.0 4.838547522645342e-06
309687.5 5.150607020887321e-06
310000.0 5.482792619915244e-06
310312.5 5.836402361403259e-06
310625.0 6.212817960093986e-06
310937.5 6.613510299402492e-06
311250.0 7.040045046924348e-06
311562.5 7.4940889494001794e-06
311875.0 7.977416147664229e-06
312187.5 8.491915270969486e-06
312500.0 9.039596731152955e-06
312812.5 9.622600616321364e-06
313125.0 1.0243205024185187e-05
313437.5 1.0903834974929083e-05
313750.0 1.1607071883634745e-05
314062.5 1.2355663672192208e-05
314375.0 1.3152535480731586e-05
314687.5 1.4000801118463357e-05
315000.0 1.4903775173991107e-05
315312.5 1.586498604488895e-05
315625.0 1.688818968670347e-05
315937.5 1.797738428122031e-05
316250.0 1.913682590393151e-05
316562.5 2.037104505081544e-05
316875.0 2.168486450404572e-05
317187.5 2.308341801704472e-05
317500.0 2.457217047835414e-05
317812.5 2.6156939194610374e-05
318125.0 2.784391671228903e-05
318437.5 2.9639694898442315e-05
318750.0 3.1551290819997746e-05
319062.5 3.3586174061905893e-05
319375.0 3.575229596375351e-05
319687.5 3.805812071489001e-05
320000.0 4.05126583480353e-05
320312.5 4.31255000110653e-05
320625.0 4.5906855437038985e-05
320937.5 4.886759283229125e-05
321250.0 5.2019281342463586e-05
321562.5 5.537423623636073e-05
321875.0 5.894556704744147e-05
322187.5 6.27472288328157e-05
322500.0 6.679407666965176e-05
322812.5 7.110192364878642e-05
323125.0 7.568760276521758e-05
323437.5 8.056903266551174e-05
323750.0 8.576528759185464e-05
324062.5 9.129667202234515e-05
324375.0 9.718479988762851e-05
324687.5 0.00010345267916322953
325000.0 0.00011012480169769745
325312.5 0.0001172272388760831
325625.0 0.00012478774359836464
325937.5 0.0001328358586327738
326250.0 0.00014140303210341543
326562.5 0.0001505227403320042
326875.0 0.00016023061869319122
327187.5 0.0001705646008631767
327500.0 0.000181565066961209
327812.5 0.00019327500142329868
328125.0 0.00020574016092789194
328437.5 0.00021900925321283182
328750.0 0.00023313412736314376
329062.5 0.00024816997638898997
329375.0 0.0002641755529930734
329687.5 0.0002812133990270915
330000.0 0.00029935008995618517
330312.5 0.0003186564949508863
330625.0 0.00033920805380560637
330937.5 0.00036108507176280114
331250.0 0.00038437303322202965
331562.5 0.0004091629358327076
331875.0 0.0004355516460696762
332187.5 0.000463642277630516
332500.0 0.0004935445944731498
332812.5 0.0005253754395928567
333125.0 0.0005592591916570022
333437.5 0.0005953282509763014
333750.0 0.0006337235568110167
334062.5 0.000674595138110412
334375.0 0.0007181026997438167
334687.5 0.0007644162464814919
335000.0 0.0008137167472432871
335312.5 0.0008661968422929434
335625.0 0.0009220615958760447
335937.5 0.000981529297459094
336250.0 0.0010448323146672323
336562.5 0.0011122180012779204
336875.0 0.0011839496635679403
337187.5 0.0012603075891903792
337500.0 0.001341590142298621
337812.5 0.0014281149293737805
338125.0 0.0015202200400721289
338437.5 0.0016182653682683679
338750.0 0.0017226340181508704
339062.5 0.0018337338011642501
339375.0 0.0019519988292149293
339687.5 0.0020778912108543324
340000.0 0.002211902856794623
340312.5 0.0023545574016914372
340625.0 0.0025064122500473296
340937.5 0.0026680607539097956
341250.0 0.002840134531056915
341562.5 0.0030233059325834866
341875.0 0.003218290669719792
342187.5 0.003425850609894976
342500.0 0.0036467967531161882
342812.5 0.0038819924002742034
343125.0 0.004132356525745617
343437.5 0.004398867367381154
343750.0 0.004682566247928843
344062.5 0.004984561642960017
344375.0 0.005306033510825703
344687.5 0.005648237901989539
345000.0 0.006012511865323145
345312.5 0.006400278670748438
345625.0 0.006813053368570632
345937.5 0.0072524487070646515
346250.0 0.00772018143153641
346562.5 0.00821807898943927
346875.0 0.008748086667584865
347187.5 0.009312275189286012
347500.0 0.009912848801247875
347812.5 0.010552153881462356
348125.0 0.011232688101818766
348437.5 0.01195711018126211
348750.0 0.012728250267028951
349062.5 0.013549120985147933
349375.0 0.014422929202511092
349687.5 0.015353088546798954
350000.0 0.01634323273288052
350312.5 0.01739722974740676
350625.0 0.018519196947193173
350937.5 0.01971351712962477
351250.0 0.020984855638013222
351562.5 0.022338178568273026
351875.0 0.023778772147680094
352187.5 0.02531226336089265
352500.0 0.026944641903829947
352812.5 0.028682283549981147
353125.0 0.03053197502049132
353437.5 0.032500940454107674
353750.0 0.03459686957980379
354062.5 0.036827947701294494
354375.0 0.03920288760956847
354687.5 0.041730963547079725
355000.0 0.04442204735505273
355312.5 0.04728664694348961
355625.0 0.050335947233040024
355937.5 0.05358185372622781
356250.0 0.05703703887689926
356562.5 0.06071499143609049
356875.0 0.06463006896484158
357187.5 0.06879755371599572
357500.0 0.07323371209987162
357812.5 0.07795585796224636
358125.0 0.08298241991753441
358437.5 0.08833301299533636
358750.0 0.09402851487445796
359062.5 0.10009114699590649
359375.0 0.10654456086471642
359687.5 0.11341392986928156
360000.0 0.12072604696793388
360312.5 0.1285094286135524
360625.0 0.13679442531066677
360937.5 0.14561333922314068
361250.0 0.15500054927686024
361562.5 0.16499264422860982
361875.0 0.17562856420161532
362187.5 0.1869497512181706
362500.0 0.19900030929249635
362812.5 0.2118271746804945
363125.0 0.22548029691939142
363437.5 0.2400128313276939
363750.0 0.25548134367620934
364062.5 0.271946027782628
364375.0 0.28947093682653025
364687.5 0.30812422922828375
365000.0 0.327978429984237
365312.5 0.3491107084017342
365625.0 0.37160317323173375
365937.5 0.3955431862528669
366250.0 0.4210236954199864
366562.5 0.44814358875180593
366875.0 0.4770080701967383
367187.5 0.507729058782489
367500.0 0.5404256124253237
367812.5 0.5752243778462529
368125.0 0.6122600681166945
368437.5 0.6516759694329566
368750.0 0.6936244787978962
369062.5 0.7382676743702477
369375.0 0.7857779203242643
369687.5 0.8363385081472541
370000.0 0.8901443363885164
370312.5 0.9474026309584427
370625.0 1.0083337081635513
370937.5 1.0731717827477616
371250.0 1.142165823294663
371562.5 1.2155804574262108
371875.0 1.2936969293112388
372187.5 1.3768141120694
372500.0 1.4652495777226138
372812.5 1.5593407274030335
373125.0 1.6594459845747078
373437.5 1.7659460540599237
373750.0 1.879245249681023
374062.5 1.999772893328804
374375.0 2.1279847882477743
374687.5 2.264364769281284
375000.0 2.4094263327425436
375312.5 2.563714348464645
375625.0 2.7278068564298885
375937.5 2.90231695017779
376250.0 3.0878947489363218
376562.5 3.2852294601049947
376875.0 3.4950515333306575
377187.5 3.718134906949868
377500.0 3.955299347013548
377812.5 4.207412878449992
378125.0 4.475394307146894
378437.5 4.760215830829857
378750.0 5.062905735568375
379062.5 5.3845511735339935
379375.0 5.726301016253306
379687.5 6.0893687760215425
380000.0 6.475035586352957
380312.5 6.88465323032001
380625.0 7.319647203357153
380937.5 7.781519794553155
381250.0 8.27185316760923
381562.5 8.792312419478591
381875.0 9.344648591206866
382187.5 9.930701601644387
382500.0 10.55240307048827
382812.5 11.211778992520253
383125.0 11.91095221993349
383437.5 12.652144704285567
383750.0 13.437679443886612
384062.5 14.269982076349217
384375.0 15.151582049622776
384687.5 16.085113298154077
385000.0 17.07331434392405
385312.5 18.11902773509168
385625.0 19.225198727936736
385937.5 20.394873110870574
386250.0 21.631194062642738
386562.5 22.93739793070753
386875.0 24.31680881026647
387187.5 25.77283180003888
387500.0 27.30894480764768
387812.5 28.928688775994544
388125.0 30.635656202527294
388437.5 32.43347782630265
388750.0 34.325807363679424
389062.5 36.31630418282035
389375.0 38.40861382043442
389687.5 40.60634626184155
390000.0 42.91305192796233
390312.5 45.33219534064764
390625.0 47.86712647121853
390937.5 50.52104981642996
391250.0 53.29699129140821
391562.5 56.197763080364666
391875.0 59.225926642762744
392187.5 62.38375413455757
392500.0 65.67318857028829
392812.5 69.09580312100526
393125.0 72.65276001373638
393437.5 76.34476956855792
393750.0 80.17204997711119
394062.5 84.13428848905451
394375.0 88.23060472765381
394687.5 92.45951689950678
395000.0 96.81891169319823
395312.5 101.30601867449178
395625.0 105.91738997867596
395937.5 110.648886071495
396250.0 115.49566829685853
396562.5 120.45219885114696
396875.0 125.51224872022047
397187.5 130.66891398706204
397500.0 135.91464076733234
397812.5 141.24125886015904
398125.0 146.64002401653488
398437.5 152.10166853310778
398750.0 157.61645968111267
399062.5 163.174265285539
399375.0 168.76462558544776
399687.5 174.37683033971436
400000.0 180.0
400312.5 185.6231696602856
400625.0 191.23537441455227
400937.5 196.825734714461
401250.0 202.3835403188873
401562.5 207.89833146689224
401875.0 213.35997598346512
402187.5 218.75874113984096
402500.0 224.08535923266766
402812.5 229.33108601293796
403125.0 234.48775127977956
403437.5 239.54780114885304
403750.0 244.50433170314147
404062.5 249.35111392850501
404375.0 254.08261002132406
404687.5 258.6939813255082
405000.0 263.18108830680177
405312.5 267.54048310049325
405625.0 271.76939527234623
405937.5 275.8657115109455
406250.0 279.8279500228888
406562.5 283.6552304314421
406875.0 287.3472399862636
407187.5 290.9041968789947
407500.0 294.3268114297117
407812.5 297.6162458654424
408125.0 300.7740733572372
408437.5 303.80223691963533
408750.0 306.70300870859177
409062.5 309.47895018357
409375.0 312.1328735287815
409687.5 314.6678046593524
410000.0 317.08694807203767
410312.5 319.39365373815843
410625.0 321.5913861795656
410937.5 323.6836958171796
411250.0 325.6741926363206
411562.5 327.56652217369736
411875.0 329.3643437974727
412187.5 331.07131122400546
412500.0 332.69105519235234
412812.5 334.2271681999611
413125.0 335.6831911897335
413437.5 337.0626020692925
413750.0 338.36880593735725
414062.5 339.6051268891294
414375.0 340.7748012720633
414687.5 341.88097226490834
415000.0 342.92668565607596
415312.5 343.91488670184594
415625.0 344.8484179503772
415937.5 345.73001792365073
416250.0 346.5623205561134
416562.5 347.3478552957144
416875.0 348.08904778006655
417187.5 348.78822100747976
417500.0 349.44759692951175
417812.5 350.0692983983556
418125.0 350.65535140879314
418437.5 351.20768758052145
418750.0 351.7281468323908
419062.5 352.21848020544684
419375.0 352.68035279664286
419687.5 353.11534676968
420000.0 353.52496441364707
420312.5 353.91063122397844
420625.0 354.27369898374667
420937.5 354.615448826466
421250.0 354.9370942644316
421562.5 355.23978416917015
421875.0 355.5246056928531
422187.5 355.79258712155
422500.0 356.0447006529865
422812.5 356.28186509305016
423125.0 356.5049484666693
423437.5 356.71477053989497
423750.0 356.9121052510637
424062.5 357.09768304982225
424375.0 357.2721931435701
424687.5 357.4362856515354
425000.0 357.59057366725744
425312.5 357.7356352307187
425625.0 357.8720152117522
425937.5 358.0002271066712
426250.0 358.12075475031895
426562.5 358.23405394594005
426875.0 358.3405540154253
427187.5 358.440659272597
427500.0 358.5347504222774
427812.5 358.62318588793056
428125.0 358.70630307068876
428437.5 358.7844195425738
428750.0 358.85783417670535
429062.5 358.9268282172522
429375.0 358.99166629183645
429687.5 359.05259736904156
430000.0 359.1098556636115
430312.5 359.1636614918528
430625.0 359.2142220796757
430937.5 359.2617323256298
431250.0 359.3063755212021
431562.5 359.3483240305671
431875.0 359.3877399318833
432187.5 359.4247756221538
432500.0 359.45957438757466
432812.5 359.4922709412175
433125.0 359.52299192980325
433437.5 359.5518564112482
433750.0 359.57897630458
434062.5 359.6044568137471
434375.0 359.62839682676827
434687.5 359.6508892915983
435000.0 359.6720215700158
435312.5 359.69187577077173
435625.0 359.71052906317345
435937.5 359.72805397221737
436250.0 359.7445186563238
436562.5 359.7599871686723
436875.0 359.7745197030806
437187.5 359.7881728253195
437500.0 359.8009996907075
437812.5 359.81305024878185
438125.0 359.8243714357984
438437.5 359.8350073557714
438750.0 359.84499945072315
439062.5 359.85438666077687
439375.0 359.86320557468935
439687.5 359.8714905713864
440000.0 359.87927395303205
440312.5 359.8865860701307
440625.0 359.8934554391353
440937.5 359.8999088530041
441250.0 359.9059714851256
441562.5 359.91166698700465
441875.0 359.9170175800825
442187.5 359.92204414203775
442500.0 359.92676628790014
442812.5 359.93120244628403
443125.0 359.93536993103515
443437.5 359.9392850085639
443750.0 359.9429629611231
444062.5 359.9464181462738
444375.0 359.94966405276693
444687.5 359.95271335305654
445000.0 359.95557795264494
445312.5 359.9582690364529
445625.0 359.9607971123904
445937.5 359.9631720522987
446250.0 359.96540313042016
446562.5 359.96749905954584
446875.0 359.9694680249795
447187.5 359.97131771645
447500.0 359.9730553580962
447812.5 359.9746877366391
448125.0 359.9762212278523
448437.5 359.97766182143175
448750.0 359.979015144362
449062.5 359.9802864828704
449375.0 359.9814808030528
449687.5 359.9826027702526
450000.0 359.9836567672671
450312.5 359.9846469114532
450625.0 359.9855770707975
450937.5 359.98645087901485
451250.0 359.98727174973294
451562.5 359.98804288981876
451875.0 359.9887673118982
452187.5 359.98944784611854
452500.0 359.99008715119874
452812.5 359.9906877248107
453125.0 359.9912519133324
453437.5 359.99178192101056
453750.0 359.9922798185685
454062.5 359.99274755129295
454375.0 359.9931869466314
454687.5 359.99359972132925
455000.0 359.9939874881347
455312.5 359.994351762098
455625.0 359.9946939664892
455937.5 359.99501543835703
456250.0 359.99531743375206
456562.5 359.9956011326326
456875.0 359.99586764347424
457187.5 359.99611800759976
457500.0 359.9963532032469
457812.5 359.9965741493901
458125.0 359.99678170933026
458437.5 359.9969766940674
458750.0 359.9971598654689
459062.5 359.99733193924607
459375.0 359.99749358774994
459687.5 359.9976454425983
460000.0 359.9977880971432
460312.5 359.99792210878917
460625.0 359.9980480011708
460937.5 359.99816626619884
461250.0 359.99827736598183
461562.5 359.9983817346317
461875.0 359.9984797799599
462187.5 359.99857188507065
462500.0 359.9986584098577
462812.5 359.9987396924108
463125.0 359.9988160503364
463437.5 359.9988877819987
463750.0 359.9989551676853
464062.5 359.99901847070254
464375.0 359.9990779384041
464687.5 359.9991338031577
465000.0 359.99918628325275
465312.5 359.99923558375355
465625.0 359.99928189730025
465937.5 359.9993254048619
466250.0 359.9993662764432
466562.5 359.999404671749
466875.0 359.9994407408083
467187.5 359.99947462456043
467500.0 359.99950645540554
467812.5 359.9995363577224
468125.0 359.9995644483539
468437.5 359.99959083706415
468750.0 359.9996156269668
469062.5 359.99963891492825
469375.0 359.9996607919462
469687.5 359.9996813435051
470000.0 359.99970064991004
470312.5 359.99971878660097
470625.0 359.999735824447
470937.5 359.99975183002357
471250.0 359.99976686587263
471562.5 359.9997809907468
471875.0 359.99979425983906
472187.5 359.99980672499856
472500.0 359.999818434933
472812.5 359.99982943539914
473125.0 359.9998397693813
473437.5 359.99984947725966
473750.0 359.9998585969679
474062.5 359.9998671641414
474375.0 359.9998752122564
474687.5 359.9998827727611
475000.0 359.99988987519833
475312.5 359.9998965473209
475625.0 359.99990281520013
475937.5 359.999908703328
476250.0 359.99991423471243
476562.5 359.99991943096734
476875.0 359.99992431239724
477187.5 359.99992889807635
477500.0 359.99993320592336
477812.5 359.99993725277113
478125.0 359.99994105443295
478437.5 359.99994462576376
478750.0 359.9999479807186
479062.5 359.99995113240715
479375.0 359.99995409314454
479687.5 359.9999568745
480000.0 359.99995948734164
480312.5 359.9999619418793
480625.0 359.99996424770404
480937.5 359.9999664138259
481250.0 359.9999684487092
481562.5 359.9999703603051
481875.0 359.9999721560833
482187.5 359.99997384306084
482500.0 359.99997542782955
482812.5 359.999976916582
483125.0 359.9999783151355
483437.5 359.999979628955
483750.0 359.99998086317413
484062.5 359.9999820226157
484375.0 359.9999831118103
484687.5 359.99998413501396
485000.0 359.9999850962248
485312.5 359.9999859991989
485625.0 359.9999868474645
485937.5 359.99998764433633
486250.0 359.9999883929281
486562.5 359.99998909616505
486875.0 359.999989756795
487187.5 359.99999037739934
487500.0 359.99999096040324
487812.5 359.99999150808475
488125.0 359.99999202258385
488437.5 359.99999250591105
488750.0 359.99999295995497
489062.5 359.9999933864897
489375.0 359.99999378718206
489687.5 359.99999416359765
490000.0 359.99999451720737
490312.5 359.999994849393
490625.0 359.9999951614525
490937.5 359.99999545460525
491250.0 359.9999957299968
491562.5 359.9999959887032
491875.0 359.9999962317354
492187.5 359.999996460043
492500.0 359.9999966745182
492812.5 359.9999968759989
493125.0 359.99999706527257
493437.5 359.9999972430787
493750.0 359.99999741011214
494062.5 359.9999975670255
494375.0 359.99999771443197
494687.5 359.99999785290754
495000.0 359.99999798299325
495312.5 359.9999981051975
495625.0 359.99999821999785
495937.5 359.9999983278427
496250.0 359.9999984291536
496562.5 359.9999985243264
496875.0 359.9999986137329
497187.5 359.9999986977226
497500.0 359.99999877662356
497812.5 359.9999988507442
498125.0 359.9999989203741
498437.5 359.99999898578534
498750.0 359.9999990472335
499062.5 359.9999991049587
499375.0 359.9999991591865
499687.5 359.9999992101288
500000.0 359.99999925798465
500312.5 359.9999993029411
500625.0 359.9999993451738
500937.5 359.9999993848477
501250.0 359.9999994221179
501562.5 359.99999945713
501875.0 359.9999994900208
502187.5 359.9999995209189
502500.0 359.99999954994496
502812.5 359.9999995772124
503125.0 359.9999996028278
503437.5 359.9999996268913
503750.0 359.9999996494968
504062.5 359.99999967073273
504375.0 359.999999690682
504687.5 359.99999970942264
505000.0 359.9999997270278
505312.5 359.9999997435664
505625.0 359.9999997591029
505937.5 359.99999977369816
506250.0 359.9999997874091
506562.5 359.9999998002893
506875.0 359.99999981238915
507187.5 359.99999982375596
507500.0 359.999999834434
507812.5 359.99999984446515
508125.0 359.99999985388854
508437.5 359.999999862741
508750.0 359.99999987105707
509062.5 359.99999987886935
509375.0 359.9999998862083
509687.5 359.99999989310254
510000.0 359.9999998995791
510312.5 359.99999990566334
510625.0 359.9999999113789
510937.5 359.9999999167482
511250.0 359.99999992179215
511562.5 359.9999999265305
511875.0 359.99999993098186
512187.5 359.99999993516343
512500.0 359.9999999390917
512812.5 359.9999999427819
513125.0 359.9999999462486
513437.5 359.99999994950525
513750.0 359.99999995256456
514062.5 359.9999999554385
514375.0 359.99999995813835
514687.5 359.99999996067464
515000.0 359.99999996305723
515312.5 359.9999999652955
515625.0 359.99999996739814
515937.5 359.9999999693734
516250.0 359.99999997122893
516562.5 359.9999999729721
516875.0 359.99999997460964
517187.5 359.99999997614793
517500.0 359.99999997759306
517812.5 359.99999997895065
518125.0 359.999999980226
518437.5 359.999999981424
518750.0 359.99999998254947
519062.5 359.99999998360676
519375.0 359.9999999846
519687.5 359.999999985533
520000.0 359.99999998640953
520312.5 359.9999999872329
520625.0 359.99999998800644
520937.5 359.99999998873307
521250.0 359.99999998941576
521562.5 359.999999990057
521875.0 359.9999999906594
522187.5 359.99999999122537
522500.0 359.99999999175697
522812.5 359.99999999225633
523125.0 359.9999999927255
523437.5 359.9999999931663
523750.0 359.99999999358033
524062.5 359.99999999396925
524375.0 359.99999999433464
524687.5 359.9999999946779
525000.0 359.99999999500034
525312.5 359.99999999530326
525625.0 359.9999999955878
525937.5 359.99999999585515
526250.0 359.9999999961062
526562.5 359.9999999963422
526875.0 359.9999999965638
527187.5 359.999999996772
527500.0 359.9999999969675
527812.5 359.9999999971513
528125.0 359.9999999973239
528437.5 359.999999997486
528750.0 359.9999999976383
529062.5 359.9999999977814
529375.0 359.99999999791584
529687.5 359.99999999804214
530000.0 359.9999999981608
530312.5 359.9999999982722
530625.0 359.99999999837684
530937.5 359.99999999847523
531250.0 359.99999999856755
531562.5 359.99999999865435
531875.0 359.9999999987359
532187.5 359.9999999988125
532500.0 359.9999999988844
532812.5 359.99999999895203
533125.0 359.99999999901553
533437.5 359.99999999907516
533750.0 359.99999999913115
534062.5 359.99999999918384
534375.0 359.99999999923324
534687.5 359.99999999927974
535000.0 359.99999999932334
535312.5 359.9999999993644
535625.0 359.99999999940286
535937.5 359.99999999943907
536250.0 359.99999999947306
536562.5 359.99999999950495
536875.0 359.9999999995349
537187.5 359.99999999956316
537500.0 359.9999999995896
537812.5 359.9999999996145
538125.0 359.9999999996378
538437.5 359.9999999996598
538750.0 359.99999999968037
539062.5 359.99999999969975
539375.0 359.99999999971794
539687.5 359.999999999735
540000.0 359.9999999997511
540312.5 359.9999999997662
540625.0 359.99999999978036
540937.5 359.99999999979366
541250.0 359.99999999980616
541562.5 359.99999999981793
541875.0 359.99999999982896
542187.5 359.9999999998393
542500.0 359.999999999849
542812.5 359.9999999998582
543125.0 359.99999999986676
543437.5 359.99999999987483
543750.0 359.9999999998824
544062.5 359.99999999988955
544375.0 359.99999999989626
544687.5 359.9999999999025
545000.0 359.9999999999084
545312.5 359.999999999914
545625.0 359.99999999991917
545937.5 359.99999999992406
546250.0 359.9999999999287
546562.5 359.99999999993304
546875.0 359.9999999999371
547187.5 359.9999999999408
547500.0 359.99999999994446
547812.5 359.9999999999478
548125.0 359.999999999951
548437.5 359.99999999995396
548750.0 359.99999999995674
549062.5 359.9999999999594
549375.0 359.99999999996186
549687.5 359.99999999996413
550000.0 359.9999999999663
550312.5 359.99999999996834
550625.0 359.99999999997027
550937.5 359.9999999999721
551250.0 359.9999999999738
551562.5 359.9999999999754
551875.0 359.9999999999768
552187.5 359.9999999999783
552500.0 359.9999999999796
552812.5 359.9999999999808
553125.0 359.999999999982
553437.5 359.99999999998306
553750.0 359.9999999999841
554062.5 359.99999999998505
554375.0 359.9999999999859
554687.5 359.9999999999868
555000.0 359.9999999999876
555312.5 359.99999999998835
555625.0 359.99999999998903
555937.5 359.9999999999897
556250.0 359.99999999999034
556562.5 359.9999999999909
556875.0 359.9999999999915
557187.5 359.999999999992
557500.0 359.9999999999925
557812.5 359.99999999999295
558125.0 359.99999999999335
558437.5 359.99999999999375
558750.0 359.99999999999415
559062.5 359.9999999999945
559375.0 359.9999999999948
559687.5 359.9999999999951
560000.0 359.99999999999545
560312.5 359.99999999999574
560625.0 359.999999999996
560937.5 359.99999999999625
561250.0 359.9999999999964
561562.5 359.99999999999665
561875.0 359.9999999999969
562187.5 359.99999999999704
562500.0 359.9999999999972
562812.5 359.9999999999974
563125.0 359.99999999999756
563437.5 359.99999999999767
563750.0 359.99999999999784
564062.5 359.999999999998
564375.0 359.99999999999807
564687.5 359.99999999999824
565000.0 359.9999999999983
565312.5 359.9999999999984
565625.0 359.9999999999985
565937.5 359.9999999999986
566250.0 359.99999999999875
566562.5 359.9999999999988
566875.0 359.99999999999886
567187.5 359.9999999999989
567500.0 359.999999999999
567812.5 359.99999999999903
568125.0 359.99999999999915
568437.5 359.99999999999915
568750.0 359.9999999999992
569062.5 359.99999999999926
569375.0 359.99999999999926
569687.5 359.9999999999994
570000.0 359.9999999999994
570312.5 359.99999999999943
570625.0 359.99999999999943
570937.5 359.9999999999995
571250.0 359.99999999999955
571562.5 359.99999999999955
571875.0 359.9999999999996
572187.5 359.9999999999996
572500.0 359.9999999999996
572812.5 359.99999999999966
573125.0 359.99999999999966
573437.5 359.99999999999966
573750.0 359.99999999999966
574062.5 359.9999999999997
574375.0 359.9999999999998
574687.5 359.9999999999998
575000.0 359.9999999999998
575312.5 359.9999999999998
575625.0 359.9999999999998
575937.5 359.99999999999983
576250.0 359.99999999999983
576562.5 359.99999999999983
576875.0 359.99999999999983
577187.5 359.99999999999983
577500.0 359.99999999999983
577812.5 359.9999999999999
578125.0 359.9999999999999
578437.5 359.9999999999999
578750.0 359.99999999999994
579062.5 359.99999999999994
579375.0 359.99999999999994
579687.5 359.99999999999994
580000.0 359.99999999999994
580312.5 359.99999999999994
580625.0 359.99999999999994
580937.5 359.99999999999994
581250.0 359.99999999999994
581562.5 359.99999999999994
581875.0 359.99999999999994
582187.5 359.99999999999994
582500.0 359.99999999999994
582812.5 359.99999999999994
583125.0 359.99999999999994
583437.5 359.99999999999994
583750.0 359.99999999999994
584062.5 359.99999999999994
584375.0 359.99999999999994
584687.5 359.99999999999994
585000.0 359.99999999999994
585312.5 360.0
585625.0 360.0
585937.5 360.0
586250.0 360.0
586562.5 360.0
586875.0 360.0
587187.5 360.0
587500.0 360.0
587812.5 360.0
588125.0 360.0
588437.5 360.0
588750.0 360.0
589062.5 360.0
589375.0 360.0
589687.5 360.0
590000.0 360.0
590312.5 360.0
590625.0 360.0
590937.5 360.0
591250.0 360.0
591562.5 360.0
591875.0 360.0
592187.5 360.0
592500.0 360.0
592812.5 360.0
593125.0 360.0
593437.5 360.0
593750.0 360.0
594062.5 360.0
594375.0 360.0
594687.5 360.0
595000.0 360.0
595312.5 360.0
595625.0 360.0
595937.5 360.0
596250.0 360.0
596562.5 360.0
596875.0 360.0
597187.5 360.0
597500.0 360.0
597812.5 360.0
598125.0 360.0
598437.5 360.0
598750.0 360.0
599062.5 360.0
599375.0 360.0
599687.5 360.0
600000.0 360.0
600312.5 360.0
600625.0 360.0
600937.5 360.0
601250.0 360.0
601562.5 360.0
601875.0 360.0
602187.5 360.0
602500.0 360.0
602812.5 360.0
603125.0 360.0
603437.5 360.0
603750.0 360.0
604062.5 360.0
604375.0 360.0
604687.5 360.0
605000.0 360.0
605312.5 360.0
605625.0 360.0
605937.5 360.0
606250.0 360.0
606562.5 360.0
606875.0 360.0
607187.5 360.0
607500.0 360.0
607812.5 360.0
608125.0 360.0
608437.5 360.0
608750.0 360.0
609062.5 360.0
609375.0 360.0
609687.5 360.0
610000.0 360.0
610312.5 360.0
610625.0 360.0
610937.5 360.0
611250.0 360.0
611562.5 360.0
611875.0 360.0
612187.5 360.0
612500.0 360.0
612812.5 360.0
613125.0 360.0
613437.5 360.0
613750.0 360.0
614062.5 360.0
614375.0 360.0
614687.5 360.0
615000.0 360.0
615312.5 360.0
615625.0 360.0
615937.5 360.0
616250.0 360.0
616562.5 360.0
616875.0 360.0
617187.5 360.0
617500.0 360.0
617812.5 360.0
618125.0 360.0
618437.5 360.0
618750.0 360.0
619062.5 360.0
619375.0 360.0
619687.5 360.0
620000.0 360.0
620312.5 360.0
620625.0 360.0
620937.5 360.0
621250.0 360.0
621562.5 360.0
621875.0 360.0
622187.5 360.0
622500.0 360.0
622812.5 360.0
623125.0 360.0
623437.5 360.0
623750.0 360.0
624062.5 360.0
624375.0 360.0
624687.5 360.0
625000.0 360.0
625312.5 360.0
625625.0 360.0
625937.5 360.0
626250.0 360.0
626562.5 360.0
626875.0 360.0
627187.5 360.0
627500.0 360.0
627812.5 360.0
628125.0 360.0
628437.5 360.0
628750.0 360.0
629062.5 360.0
629375.0 360.0
629687.5 360.0
630000.0 360.0
630312.5 360.0
630625.0 360.0
630937.5 360.0
631250.0 360.0
631562.5 360.0
631875.0 360.0
632187.5 360.0
632500.0 360.0
632812.5 360.0
633125.0 360.0
633437.5 360.0
633750.0 360.0
634062.5 360.0
634375.0 360.0
634687.5 360.0
635000.0 360.0
635312.5 360.0
635625.0 360.0
635937.5 360.0
636250.0 360.0
636562.5 360.0
636875.0 360.0
637187.5 360.0
637500.0 360.0
637812.5 360.0
638125.0 360.0
638437.5 360.0
638750.0 360.0
639062.5 360.0
639375.0 360.0
639687.5 360.0
640000.0 360.0
640312.5 360.0
640625.0 360.0
640937.5 360.0
641250.0 360.0
641562.5 360.0
641875.0 360.0
642187.5 360.0
642500.0 360.0
642812.5 360.0
643125.0 360.0
643437.5 360.0
643750.0 360.0
644062.5 360.0
644375.0 360.0
644687.5 360.0
645000.0 360.0
645312.5 360.0
645625.0 360.0
645937.5 360.0
646250.0 360.0
646562.5 360.0
646875.0 360.0
647187.5 360.0
647500.0 360.0
647812.5 360.0
648125.0 360.0
648437.5 360.0
648750.0 360.0
649062.5 360.0
649375.0 360.0
649687.5 360.0
650000.0 360.0
650312.5 360.0
650625.0 360.0
650937.5 360.0
651250.0 360.0
651562.5 360.0
651875.0 360.0
652187.5 360.0
652500.0 360.0
652812.5 360.0
653125.0 360.0
653437.5 360.0
653750.0 360.0
654062.5 360.0
654375.0 360.0
654687.5 360.0
655000.0 360.0
655312.5 360.0
655625.0 360.0
655937.5 360.0
656250.0 360.0
656562.5 360.0
656875.0 360.0
657187.5 360.0
657500.0 360.0
657812.5 360.0
658125.0 360.0
658437.5 360.0
658750.0 360.0
659062.5 360.0
659375.0 360.0
659687.5 360.0
660000.0 360.0
660312.5 360.0
660625.0 360.0
660937.5 360.0
661250.0 360.0
661562.5 360.0
661875.0 360.0
662187.5 360.0
662500.0 360.0
662812.5 360.0
663125.0 360.0
663437.5 360.0
663750.0 360.0
664062.5 360.0
664375.0 360.0
664687.5 360.0
665000.0 360.0
665312.5 360.0
665625.0 360.0
665937.5 360.0
666250.0 360.0
666562.5 360.0
666875.0 360.0
667187.5 360.0
667500.0 360.0
667812.5 360.0
668125.0 360.0
668437.5 360.0
668750.0 360.0
669062.5 360.0
669375.0 360.0
669687.5 360.0
670000.0 360.0
670312.5 360.0
670625.0 360.0
670937.5 360.0
671250.0 360.0
671562.5 360.0
671875.0 360.0
672187.5 360.0
672500.0 360.0
672812.5 360.0
673125.0 360.0
673437.5 360.0
673750.0 360.0
674062.5 360.0
674375.0 360.0
674687.5 360.0
675000.0 360.0
675312.5 360.0
675625.0 360.0
675937.5 360.0
676250.0 360.0
676562.5 360.0
676875.0 360.0
677187.5 360.0
677500.0 360.0
677812.5 360.0
678125.0 360.0
678437.5 360.0
678750.0 360.0
679062.5 360.0
679375.0 360.0
679687.5 360.0
680000.0 360.0
680312.5 360.0
680625.0 360.0
680937.5 360.0
681250.0 360.0
681562.5 360.0
681875.0 360.0
682187.5 360.0
682500.0 360.0
682812.5 360.0
683125.0 360.0
683437.5 360.0
683750.0 360.0
684062.5 360.0
684375.0 360.0
684687.5 360.0
685000.0 360.0
685312.5 360.0
685625.0 360.0
685937.5 360.0
686250.0 360.0
686562.5 360.0
686875.0 360.0
687187.5 360.0
687500.0 360.0
687812.5 360.0
688125.0 360.0
688437.5 360.0
688750.0 360.0
689062.5 360.0
689375.0 360.0
689687.5 360.0
690000.0 360.0
690312.5 360.0
690625.0 360.0
690937.5 360.0
691250.0 360.0
691562.5 360.0
691875.0 360.0
692187.5 360.0
692500.0 360.0
692812.5 360.0
693125.0 360.0
693437.5 360.0
693750.0 360.0
694062.5 360.0
694375.0 360.0
694687.5 360.0
695000.0 360.0
695312.5 360.0
695625.0 360.0
695937.5 360.0
696250.0 360.0
696562.5 360.0
696875.0 360.0
697187.5 360.0
697500.0 360.0
697812.5 360.0
698125.0 360.0
698437.5 360.0
698750.0 360.0
699062.5 360.0
699375.0 360.0
699687.5 360.0
700000.0 360.0
